#   h         Deriv.Aprox        Deriv.Exacta           Error_abs
 Error_relativo
     0.100000000E+00      -0.840069234E+00      -0.841470985E+00       0.140175058E-02
 -0.166583353E-02
     0.100000000E-01      -0.841456960E+00      -0.841470985E+00       0.140244463E-04
 -0.166665833E-04
     0.100000000E-02      -0.841470845E+00      -0.841470985E+00       0.140245188E-06
 -0.166666695E-06
     0.100000000E-03      -0.841470983E+00      -0.841470985E+00       0.140252854E-08
 -0.166675805E-08
     0.100000000E-04      -0.841470985E+00      -0.841470985E+00       0.108640874E-10
 -0.129108283E-10
     0.100000000E-05      -0.841470985E+00      -0.841470985E+00       0.275173218E-10
 -0.327014505E-10
     0.100000000E-06      -0.841470985E+00      -0.841470985E+00       0.305549586E-09
 -0.363113632E-09
     0.100000000E-07      -0.841470982E+00      -0.841470985E+00       0.302511949E-08
 -0.359503719E-08
     0.100000000E-08      -0.841471004E+00      -0.841470985E+00       0.191793410E-07
 -0.227926350E-07
     0.100000000E-09      -0.841470782E+00      -0.841470985E+00       0.202865264E-06
 -0.241084087E-06
     0.100000000E-10      -0.841471337E+00      -0.841470985E+00       0.352246248E-06
 -0.418607718E-06
     0.100000000E-11      -0.841493542E+00      -0.841470985E+00       0.225567067E-04
 -0.268062799E-04
     0.100000000E-12      -0.841549053E+00      -0.841470985E+00       0.780678580E-04
 -0.927754603E-04
     0.100000000E-13      -0.838218384E+00      -0.841470985E+00       0.325260122E-02
 -0.386537537E-02
     0.100000000E-14      -0.888178420E+00      -0.841470985E+00       0.467074349E-01
 -0.555068870E-01
