#   h         Deriv.Aprox        Deriv.Exacta           Error_abs
 Error_relativo
     0.100000000E+00      -0.867061844E+00      -0.841470985E+00       0.255908596E-01
 -0.304120523E-01
     0.100000000E-01      -0.844158449E+00      -0.841470985E+00       0.268746457E-02
 -0.319376974E-02
     0.100000000E-02      -0.841740996E+00      -0.841470985E+00       0.270010885E-03
 -0.320879615E-03
     0.100000000E-03      -0.841497999E+00      -0.841470985E+00       0.270137137E-04
 -0.321029652E-04
     0.100000000E-04      -0.841473686E+00      -0.841470985E+00       0.270151148E-05
 -0.321046302E-05
     0.100000000E-05      -0.841471255E+00      -0.841470985E+00       0.270089745E-06
 -0.320973331E-06
     0.100000000E-06      -0.841471013E+00      -0.841470985E+00       0.280611252E-07
 -0.333477039E-07
     0.100000000E-07      -0.841470982E+00      -0.841470985E+00       0.302511949E-08
 -0.359503719E-08
     0.100000000E-08      -0.841471115E+00      -0.841470985E+00       0.130201643E-06
 -0.154730996E-06
     0.100000000E-09      -0.841471337E+00      -0.841470985E+00       0.352246248E-06
 -0.418607718E-06
     0.100000000E-10      -0.841471337E+00      -0.841470985E+00       0.352246248E-06
 -0.418607718E-06
     0.100000000E-11      -0.841549053E+00      -0.841470985E+00       0.780678580E-04
 -0.927754603E-04
     0.100000000E-12      -0.841549053E+00      -0.841470985E+00       0.780678580E-04
 -0.927754603E-04
     0.100000000E-13      -0.843769499E+00      -0.841470985E+00       0.229851391E-02
 -0.273154268E-02
     0.100000000E-14      -0.999200722E+00      -0.841470985E+00       0.157729737E+00
 -0.187445248E+00
