#       N          p         fp     Er_R(x
Er_A(y
     0        0.1000000000000E+01            -0.2000000000000E+01             0.1000000000000E+01
   0.2000000000000E+01
     1       -0.1000000000000E+01            -0.2000000000000E+01             0.2000000000000E+01
   0.2000000000000E+01
     2       -0.1400000000000E+01            -0.1040000000000E+01             0.2857142857143E+00
   0.1040000000000E+01
     3       -0.1579310344828E+01            -0.5057788347206E+00             0.1135371179039E+00
   0.5057788347206E+00
     4       -0.1661435687531E+01            -0.2396314561971E+00             0.4943034709084E-01
   0.2396314561971E+00
     5       -0.1699334838405E+01            -0.1122611069835E+00             0.2230234443323E-01
   0.1122611069835E+00
     6       -0.1716879283212E+01            -0.5232552687765E-01             0.1021879929395E-01
   0.5232552687765E-01
     7       -0.1725012247223E+01            -0.2433274693007E-01             0.4714728271825E-02
   0.2433274693007E-01
     8       -0.1728784751801E+01            -0.1130328194161E-01             0.2182171362593E-02
   0.1130328194161E-01
     9       -0.1730535144411E+01            -0.5248113957543E-02             0.1011474754653E-02
   0.5248113957543E-02
    10       -0.1731347411377E+01            -0.2436141118951E-02             0.4691530770700E-03
   0.2436141118951E-02
    11       -0.1731724365757E+01            -0.1130721044890E-02             0.2176757382903E-03
   0.1130721044890E-02
    12       -0.1731899306580E+01            -0.5247918667419E-03             0.1010109669847E-03
   0.5247918667419E-03
    13       -0.1731980495970E+01            -0.2435615784022E-03             0.4687661912391E-04
   0.2435615784022E-03
    14       -0.1732018175897E+01            -0.1130383612669E-03             0.2175492586574E-04
   0.1130383612669E-03
    15       -0.1732035663169E+01            -0.5246150990024E-04             0.1009636941879E-04
   0.5246150990024E-04
    16       -0.1732043779031E+01            -0.2434751969593E-04             0.4685714040472E-05
   0.2434751969593E-04
    17       -0.1732047545614E+01            -0.1129973360126E-04             0.2174641571233E-05
   0.1129973360126E-04
    18       -0.1732049293690E+01            -0.5244226851886E-05             0.1009253398420E-05
   0.5244226851886E-05
    19       -0.1732050104975E+01            -0.2433854634276E-05             0.4683958593309E-06
   0.2433854634276E-05
    20       -0.1732050481494E+01            -0.1129555970092E-05             0.2173832161578E-06
   0.1129555970092E-05
    21       -0.1732050656237E+01            -0.5242287723917E-06             0.1008878889976E-06
   0.5242287723917E-06
    22       -0.1732050737336E+01            -0.2432954251397E-06             0.4682222945138E-07
   0.2432954251397E-06
    23       -0.1732050774973E+01            -0.1129138005318E-06             0.2173027179489E-07
   0.1129138005318E-06
    24       -0.1732050792441E+01            -0.5240347755731E-07             0.1008505404614E-07
   0.5240347755731E-07
    25       -0.1732050800548E+01            -0.2432053847201E-07             0.4680489915654E-08
   0.2432053847201E-07
    26       -0.1732050804311E+01            -0.1128720139576E-07             0.2172222882767E-08
   0.1128720139576E-07
    27       -0.1732050806057E+01            -0.5238408373742E-08             0.1008132162449E-08
   0.5238408373742E-08
    28       -0.1732050806867E+01            -0.2431153500737E-08             0.4678757950185E-09
   0.2431153500737E-08
    29       -0.1732050807243E+01            -0.1128302340447E-08             0.2171418439699E-09
   0.1128302340447E-08
    30       -0.1732050807418E+01            -0.5236469036163E-09             0.1007759363290E-09
   0.5236469036163E-09
