               t                  df_3p
   2.0080321285140562E-002   2.5122073932954785     
   4.0160642570281124E-002   2.5098078375432462     
   6.0240963855421686E-002   2.5058102755569203     
   8.0321285140562249E-002   2.5002172526026669     
  0.10040160642570281        2.4930323297840178     
  0.12048192771084337        2.4842600817744920     
  0.14056224899598393        2.4739060939048820     
  0.16064257028112450        2.4619769586070586     
  0.18072289156626506        2.4484802712165203     
  0.20080321285140562        2.4334246251364262     
  0.22088353413654618        2.4168196063661198     
  0.24096385542168675        2.3986757873976923     
  0.26104417670682734        2.3790047204844278     
  0.28112449799196787        2.3578189302854127     
  0.30120481927710840        2.3351319058910582     
  0.32128514056224899        2.3109580922345088     
  0.34136546184738958        2.2853128808944794     
  0.36144578313253012        2.2582126002954039     
  0.38152610441767065        2.2296745053110176     
  0.40160642570281124        2.1997167662781192     
  0.42168674698795183        2.1683584574274204     
  0.44176706827309237        2.1356195447388808     
  0.46184738955823290        2.1015208732293424     
  0.48192771084337349        2.0660841536803298     
  0.50200803212851408        2.0293319488147108     
  0.52208835341365467        1.9912876589309692     
  0.54216867469879515        1.9519755070040785     
  0.56224899598393574        1.9114205232626122     
  0.58232931726907633        1.8696485292518799     
  0.60240963855421681        1.8266861213932672     
  0.62248995983935740        1.7825606540501695     
  0.64257028112449799        1.7373002221112903     
  0.66265060240963858        1.6909336431025441     
  0.68273092369477917        1.6434904388387894     
  0.70281124497991965        1.5950008166271541     
  0.72289156626506024        1.5454956500339005     
  0.74297188755020083        1.4950064592270804     
  0.76305220883534131        1.4435653909075292     
  0.78313253012048190        1.3912051978408664     
  0.80321285140562249        1.3379592180036828     
  0.82329317269076308        1.2838613533570797     
  0.84337349397590367        1.2289460482611769     
  0.86345381526104414        1.1732482675442015     
  0.88353413654618473        1.1168034742401807     
  0.90361445783132532        1.0596476070095444     
  0.92369477911646580        1.0018170572567722     
  0.94377510040160639       0.94334864595979029     
  0.96385542168674698       0.88427960022592556     
  0.98393574297188757       0.82464752958923826     
   1.0040160642570282       0.76449040206432350     
   1.0240963855421688       0.70384651997194048     
   1.0441767068273093       0.64275449555171660     
   1.0642570281124497       0.58125322637755961     
   1.0843373493975903       0.51938187059141572     
   1.1044176706827309       0.45717982197107848     
   1.1244979919678715       0.39468668484799818     
   1.1445783132530121       0.33194224889100388     
   1.1646586345381527       0.26898646377207180     
   1.1847389558232932       0.20585941373016808     
   1.2048192771084336       0.14260129204940480     
   1.2248995983935742        7.9252375467813385E-002
   1.2449799196787148        1.5852998532979768E-002
   1.2650602409638554       -4.7556472079187138E-002
   1.2851405622489960      -0.11093566326608879     
   1.3052208835341366      -0.17424422120416166     
   1.3253012048192772      -0.23744183704238311     
   1.3453815261044177      -0.30048827256705984     
   1.3654618473895583      -0.36334338582168885     
   1.3855421686746987      -0.42596715666556856     
   1.4056224899598393      -0.48831971225476800     
   1.4257028112449799      -0.55036135242935302     
   1.4457831325301205      -0.61205257499066990     
   1.4658634538152611      -0.67335410085258707     
   1.4859437751004017      -0.73422689905064864     
   1.5060240963855422      -0.79463221159327269     
   1.5261044176706826      -0.85453157813918190     
   1.5461847389558232      -0.91388686048523582     
   1.5662650602409638      -0.97266026684921336     
   1.5863453815261044       -1.0308143759320025     
   1.6064257028112450       -1.0883121607439432     
   1.6265060240963856       -1.1451170121800851     
   1.6465863453815262       -1.2011927623293186     
   1.6666666666666667       -1.2565037075026904     
   1.6867469879518073       -1.3110146309661566     
   1.7068273092369477       -1.3646908253631669     
   1.7269076305220883       -1.4174981148129808     
   1.7469879518072289       -1.4694028766706737     
   1.7670682730923695       -1.5203720629348141     
   1.7871485943775101       -1.5703732212892465     
   1.8072289156626506       -1.6193745157656780     
   1.8273092369477912       -1.6673447470137626     
   1.8473895582329316       -1.7142533721658759     
   1.8674698795180722       -1.7600705242838530     
   1.8875502008032128       -1.8047670313754607     
   1.9076305220883534       -1.8483144349683529     
   1.9277108433734940       -1.8906850082296489     
   1.9477911646586346       -1.9318517736198384     
   1.9678714859437751       -1.9717885200693834     
   1.9879518072289157       -2.0104698196674624     
   2.0080321285140563       -2.0478710438520880     
   2.0281124497991967       -2.0839683790912336     
   2.0481927710843375       -2.1187388420449289     
   2.0682730923694779       -2.1521602941989291     
   2.0883534136546187       -2.1842114559603920     
   2.1084337349397591       -2.2148719202066940     
   2.1285140562248994       -2.2441221652787582     
   2.1485943775100402       -2.2719435674104815     
   2.1686746987951806       -2.2983184125867799     
   2.1887550200803214       -2.3232299078219731     
   2.2088353413654618       -2.3466621918520905     
   2.2289156626506026       -2.3686003452337019     
   2.2489959839357430       -2.3890303998432652     
   2.2690763052208833       -2.4079393477708462     
   2.2891566265060241       -2.4253151496019028     
   2.3092369477911645       -2.4411467420832293     
   2.3293172690763053       -2.4554240451668621     
   2.3493975903614457       -2.4681379684280151     
   2.3694779116465865       -2.4792804168530673     
   2.3895582329317269       -2.4888442959936752     
   2.4096385542168672       -2.4968235164838735     
   2.4297188755020080       -2.5032129979170805     
   2.4497991967871484       -2.5080086720810435     
   2.4698795180722892       -2.5112074855478670     
   2.4899598393574296       -2.5128074016182738     
   2.5100401606425704       -2.5128074016182742     
   2.5301204819277108       -2.5112074855478670     
   2.5502008032128516       -2.5080086720810439     
   2.5702811244979920       -2.5032129979170583     
   2.5903614457831323       -2.4968235164838504     
   2.6104417670682731       -2.4888442959936765     
   2.6305220883534135       -2.4792804168530895     
   2.6506024096385543       -2.4681379684280373     
   2.6706827309236947       -2.4554240451668621     
   2.6907630522088355       -2.4411467420832267     
   2.7108433734939759       -2.4253151496019041     
   2.7309236947791167       -2.4079393477708488     
   2.7510040160642570       -2.3890303998432652     
   2.7710843373493974       -2.3686003452337019     
   2.7911646586345382       -2.3466621918520905     
   2.8112449799196786       -2.3232299078219731     
   2.8313253012048194       -2.2983184125867799     
   2.8514056224899598       -2.2719435674105006     
   2.8714859437751006       -2.2441221652787582     
   2.8915662650602409       -2.2148719202066749     
   2.9116465863453813       -2.1842114559603920     
   2.9317269076305221       -2.1521602941989291     
   2.9518072289156625       -2.1187388420449511     
   2.9718875502008033       -2.0839683790912558     
   2.9919678714859437       -2.0478710438521044     
   3.0120481927710845       -2.0104698196674624     
   3.0321285140562249       -1.9717885200693446     
   3.0522088353413652       -1.9318517736198162     
   3.0722891566265060       -1.8906850082296542     
   3.0923694779116464       -1.8483144349683365     
   3.1124497991967872       -1.8047670313754276     
   3.1325301204819276       -1.7600705242838530     
   3.1526104417670684       -1.7142533721658924     
   3.1726907630522088       -1.6673447470137845     
   3.1927710843373496       -1.6193745157656891     
   3.2128514056224899       -1.5703732212892301     
   3.2329317269076303       -1.5203720629348141     
   3.2530120481927711       -1.4694028766706737     
   3.2730923694779115       -1.4174981148129864     
   3.2931726907630523       -1.3646908253631833     
   3.3132530120481927       -1.3110146309661785     
   3.3333333333333335       -1.2565037075027015     
   3.3534136546184738       -1.2011927623292964     
   3.3734939759036147       -1.1451170121800684     
   3.3935742971887550       -1.0883121607439321     
   3.4136546184738954       -1.0308143759320081     
   3.4337349397590362      -0.97266026684921891     
   3.4538152610441766      -0.91388686048524681     
   3.4738955823293174      -0.85453157813919844     
   3.4939759036144578      -0.79463221159327824     
   3.5140562248995986      -0.73422689905064309     
   3.5341365461847389      -0.67335410085257608     
   3.5542168674698793      -0.61205257499066990     
   3.5742971887550201      -0.55036135242935302     
   3.5943775100401605      -0.48831971225476800     
   3.6144578313253013      -0.42596715666556856     
   3.6345381526104417      -0.36334338582168330     
   3.6546184738955825      -0.30048827256705435     
   3.6746987951807228      -0.23744183704238864     
   3.6947791164658632      -0.17424422120416722     
   3.7148594377510040      -0.11093566326608879     
   3.7349397590361444       -4.7556472079187138E-002
   3.7550200803212852        1.5852998532979768E-002
   3.7751004016064256        7.9252375467813385E-002
   3.7951807228915664       0.14260129204940480     
   3.8152610441767068       0.20585941373016808     
   3.8353413654618476       0.26898646377207736     
   3.8554216867469879       0.33194224889100388     
   3.8755020080321283       0.39468668484798713     
   3.8955823293172691       0.45717982197107293     
   3.9156626506024095       0.51938187059142127     
   3.9357429718875503       0.58125322637755961     
   3.9558232931726907       0.64275449555171660     
   3.9759036144578315       0.70384651997194592     
   3.9959839357429718       0.76449040206433461     
   4.0160642570281126       0.82464752958922716     
   4.0361445783132526       0.88427960022590901     
   4.0562248995983934       0.94334864595980683     
   4.0763052208835342        1.0018170572567777     
   4.0963855421686750        1.0596476070095389     
   4.1164658634538149        1.1168034742401696     
   4.1365461847389557        1.1732482675441849     
   4.1566265060240966        1.2289460482611878     
   4.1767068273092374        1.2838613533570853     
   4.1967871485943773        1.3379592180036606     
   4.2168674698795181        1.3912051978408719     
   4.2369477911646589        1.4435653909075459     
   4.2570281124497988        1.4950064592270695     
   4.2771084337349397        1.5454956500339061     
   4.2971887550200805        1.5950008166271930     
   4.3172690763052213        1.6434904388387672     
   4.3373493975903612        1.6909336431025219     
   4.3574297188755020        1.7373002221113014     
   4.3775100401606428        1.7825606540501528     
   4.3975903614457827        1.8266861213932506     
   4.4176706827309236        1.8696485292518854     
   4.4377510040160644        1.9114205232626511     
   4.4578313253012052        1.9519755070040619     
   4.4779116465863451        1.9912876589309525     
   4.4979919678714859        2.0293319488147552     
   4.5180722891566267        2.0660841536802970     
   4.5381526104417667        2.1015208732293202     
   4.5582329317269075        2.1356195447389359     
   4.5783132530120483        2.1683584574274288     
   4.5983935742971891        2.1997167662780970     
   4.6184738955823290        2.2296745053109959     
   4.6385542168674698        2.2582126002954204     
   4.6586345381526106        2.2853128808944518     
   4.6787148594377506        2.3109580922344781     
   4.6987951807228914        2.3351319058910751     
   4.7188755020080322        2.3578189302854291     
   4.7389558232931730        2.3790047204844389     
   4.7590361445783129        2.3986757873976643     
   4.7791164658634537        2.4168196063661349     
   4.7991967871485945        2.4334246251364400     
   4.8192771084337345        2.4484802712164928     
   4.8393574297188753        2.4619769586070754     
   4.8594377510040161        2.4739060939048985     
   4.8795180722891569        2.4842600817744618     
   4.8995983935742968        2.4930323297839894     
   4.9196787148594376        2.5002172526026833     
   4.9397590361445785        2.5058102755569802     
   4.9598393574297193        2.5098078375432178     
   4.9799196787148592        2.5122073932954501     
