 #         t          y_h            y_exact      E(ABS)
  0.000000000E+00  0.100000000E+01  0.102789914E+01  0.278991417E-01
  0.100000000E-01  0.990207054E+00  0.101792813E+01  0.277210727E-01
  0.200000000E-01  0.981135848E+00  0.100856796E+01  0.274321132E-01
  0.300000000E-01  0.972776118E+00  0.999809536E+00  0.270334176E-01
  0.400000000E-01  0.965115250E+00  0.991641823E+00  0.265265733E-01
  0.500000000E-01  0.958138323E+00  0.984051918E+00  0.259135944E-01
  0.600000000E-01  0.951828171E+00  0.977025084E+00  0.251969136E-01
  0.700000000E-01  0.946165437E+00  0.970544809E+00  0.243793728E-01
  0.800000000E-01  0.941128650E+00  0.964592862E+00  0.234642120E-01
  0.900000000E-01  0.936694308E+00  0.959149364E+00  0.224550560E-01
  0.100000000E+00  0.932836959E+00  0.954192860E+00  0.213559008E-01
  0.110000000E+00  0.929529304E+00  0.949700401E+00  0.201710972E-01
  0.120000000E+00  0.926742295E+00  0.945647629E+00  0.189053339E-01
  0.130000000E+00  0.924445252E+00  0.942008871E+00  0.175636191E-01
  0.140000000E+00  0.922605971E+00  0.938757232E+00  0.161512607E-01
  0.150000000E+00  0.921190858E+00  0.935864703E+00  0.146738450E-01
  0.160000000E+00  0.920165046E+00  0.933302261E+00  0.131372152E-01
  0.170000000E+00  0.919492537E+00  0.931039985E+00  0.115474480E-01
  0.180000000E+00  0.919136337E+00  0.929047166E+00  0.991082955E-02
  0.190000000E+00  0.919058597E+00  0.927292428E+00  0.823383099E-02
  0.200000000E+00  0.919220762E+00  0.925743844E+00  0.652308260E-02
  0.210000000E+00  0.919583713E+00  0.924369061E+00  0.478534776E-02
  0.220000000E+00  0.920107926E+00  0.923135422E+00  0.302749625E-02
  0.230000000E+00  0.920753615E+00  0.922010093E+00  0.125647712E-02
  0.240000000E+00  0.921480895E+00  0.920960186E+00  0.520708710E-03
  0.250000000E+00  0.922249925E+00  0.919952889E+00  0.229703610E-02
  0.260000000E+00  0.923021071E+00  0.918955587E+00  0.406548340E-02
  0.270000000E+00  0.923755053E+00  0.917935993E+00  0.581906018E-02
  0.280000000E+00  0.924413100E+00  0.916862265E+00  0.755083478E-02
  0.290000000E+00  0.924957095E+00  0.915703134E+00  0.925396169E-02
  0.300000000E+00  0.925349727E+00  0.914428019E+00  0.109217086E-01
  0.310000000E+00  0.925554631E+00  0.913007148E+00  0.125474829E-01
  0.320000000E+00  0.925536529E+00  0.911411672E+00  0.141248577E-01
  0.330000000E+00  0.925261367E+00  0.909613770E+00  0.156475972E-01
  0.340000000E+00  0.924696445E+00  0.907586763E+00  0.171096815E-01
  0.350000000E+00  0.923810541E+00  0.905305211E+00  0.185053300E-01
  0.360000000E+00  0.922574036E+00  0.902745011E+00  0.198290244E-01
  0.370000000E+00  0.920959020E+00  0.899883489E+00  0.210755305E-01
  0.380000000E+00  0.918939406E+00  0.896699487E+00  0.222399189E-01
  0.390000000E+00  0.916491027E+00  0.893173442E+00  0.233175842E-01
  0.400000000E+00  0.913591725E+00  0.889287461E+00  0.243042636E-01
  0.410000000E+00  0.910221441E+00  0.885025388E+00  0.251960531E-01
  0.420000000E+00  0.906362288E+00  0.880372864E+00  0.259894238E-01
  0.430000000E+00  0.901998616E+00  0.875317381E+00  0.266812348E-01
  0.440000000E+00  0.897117077E+00  0.869848330E+00  0.272687463E-01
  0.450000000E+00  0.891706668E+00  0.863957038E+00  0.277496304E-01
  0.460000000E+00  0.885758776E+00  0.857636797E+00  0.281219797E-01
  0.470000000E+00  0.879267208E+00  0.850882892E+00  0.283843156E-01
  0.480000000E+00  0.872228209E+00  0.843692615E+00  0.285355936E-01
  0.490000000E+00  0.864640479E+00  0.836065272E+00  0.285752076E-01
  0.500000000E+00  0.856505173E+00  0.828002181E+00  0.285029921E-01
  0.510000000E+00  0.847825893E+00  0.819506670E+00  0.283192234E-01
  0.520000000E+00  0.838608671E+00  0.810584053E+00  0.280246178E-01
  0.530000000E+00  0.828861943E+00  0.801241613E+00  0.276203292E-01
  0.540000000E+00  0.818596513E+00  0.791488568E+00  0.271079446E-01
  0.550000000E+00  0.807825507E+00  0.781336029E+00  0.264894774E-01
  0.560000000E+00  0.796564319E+00  0.770796959E+00  0.257673601E-01
  0.570000000E+00  0.784830548E+00  0.759886114E+00  0.249444339E-01
  0.580000000E+00  0.772643924E+00  0.748619986E+00  0.240239384E-01
  0.590000000E+00  0.760026230E+00  0.737016731E+00  0.230094980E-01
  0.600000000E+00  0.747001209E+00  0.725096101E+00  0.219051081E-01
  0.610000000E+00  0.733594475E+00  0.712879356E+00  0.207151190E-01
  0.620000000E+00  0.719833402E+00  0.700389182E+00  0.194442191E-01
  0.630000000E+00  0.705747017E+00  0.687649601E+00  0.180974161E-01
  0.640000000E+00  0.691365884E+00  0.674685867E+00  0.166800173E-01
  0.650000000E+00  0.676721978E+00  0.661524369E+00  0.151976088E-01
  0.660000000E+00  0.661848557E+00  0.648192524E+00  0.136560331E-01
  0.670000000E+00  0.646780031E+00  0.634718664E+00  0.120613665E-01
  0.680000000E+00  0.631551819E+00  0.621131924E+00  0.104198949E-01
  0.690000000E+00  0.616200211E+00  0.607462122E+00  0.873808889E-02
  0.700000000E+00  0.600762222E+00  0.593739643E+00  0.702257829E-02
  0.710000000E+00  0.585275439E+00  0.579995313E+00  0.528012608E-02
  0.720000000E+00  0.569777878E+00  0.566260277E+00  0.351760163E-02
  0.730000000E+00  0.554307825E+00  0.552565871E+00  0.174195357E-02
  0.740000000E+00  0.538903684E+00  0.538943502E+00  0.398176058E-04
  0.750000000E+00  0.523603828E+00  0.525424515E+00  0.182068715E-02
  0.760000000E+00  0.508446437E+00  0.512040071E+00  0.359363383E-02
  0.770000000E+00  0.493469353E+00  0.498821020E+00  0.535166761E-02
  0.780000000E+00  0.478709923E+00  0.485797780E+00  0.708785722E-02
  0.790000000E+00  0.464204854E+00  0.473000211E+00  0.879535757E-02
  0.800000000E+00  0.449990060E+00  0.460457497E+00  0.104674367E-01
  0.810000000E+00  0.436100526E+00  0.448198028E+00  0.120975024E-01
  0.820000000E+00  0.422570159E+00  0.436249287E+00  0.136791282E-01
  0.830000000E+00  0.409431659E+00  0.424637738E+00  0.152060787E-01
  0.840000000E+00  0.396716386E+00  0.413388720E+00  0.166723343E-01
  0.850000000E+00  0.384454232E+00  0.402526346E+00  0.180721148E-01
  0.860000000E+00  0.372673503E+00  0.392073405E+00  0.193999022E-01
  0.870000000E+00  0.361400806E+00  0.382051268E+00  0.206504628E-01
  0.880000000E+00  0.350660939E+00  0.372479807E+00  0.218188675E-01
  0.890000000E+00  0.340476795E+00  0.363377306E+00  0.229005113E-01
  0.900000000E+00  0.330869267E+00  0.354760399E+00  0.238911316E-01
  0.910000000E+00  0.321857164E+00  0.346643989E+00  0.247868251E-01
  0.920000000E+00  0.313457135E+00  0.339041198E+00  0.255840627E-01
  0.930000000E+00  0.305683604E+00  0.331963308E+00  0.262797043E-01
  0.940000000E+00  0.298548705E+00  0.325419715E+00  0.268710104E-01
  0.950000000E+00  0.292062239E+00  0.319417892E+00  0.273556532E-01
  0.960000000E+00  0.286231630E+00  0.313963356E+00  0.277317259E-01
  0.970000000E+00  0.281061894E+00  0.309059644E+00  0.279977501E-01
  0.980000000E+00  0.276555619E+00  0.304708300E+00  0.281526815E-01
  0.990000000E+00  0.272712949E+00  0.300908864E+00  0.281959145E-01
  0.100000000E+01  0.269531589E+00  0.297658873E+00  0.281272840E-01
