 #        t           theta             dtheta/dt=u       Energía        E_energía
  0.000000000E+00  0.000000000E+00  0.250000000E+00  0.310875783E+00  0.000000000E+00
  0.100000000E+00 -0.243404078E+00  0.237729761E+00  0.310871641E+00  0.414160612E-05
  0.200000000E+00 -0.463312632E+00  0.202105048E+00  0.310867316E+00  0.846720417E-05
  0.300000000E+00 -0.638169678E+00  0.146577724E+00  0.310863217E+00  0.125655807E-04
  0.400000000E+00 -0.750408560E+00  0.765730646E-01  0.310859353E+00  0.164302476E-04
  0.500000000E+00 -0.788479733E+00 -0.101233489E-02  0.310855269E+00  0.205142126E-04
  0.600000000E+00 -0.748409160E+00 -0.784963473E-01  0.310850702E+00  0.250804818E-04
  0.700000000E+00 -0.634380836E+00 -0.148207545E+00  0.310846018E+00  0.297647206E-04
  0.800000000E+00 -0.458123998E+00 -0.203279846E+00  0.310841771E+00  0.340121778E-04
  0.900000000E+00 -0.237335422E+00 -0.238334144E+00  0.310837999E+00  0.377841391E-04
  0.100000000E+01  0.635372365E-02 -0.249975039E+00  0.310834216E+00  0.415663991E-04
  0.110000000E+01  0.249428172E+00 -0.237080896E+00  0.310830066E+00  0.457167688E-04
  0.120000000E+01  0.468422172E+00 -0.200894920E+00  0.310825742E+00  0.500405494E-04
  0.130000000E+01  0.641857418E+00 -0.144924017E+00  0.310821653E+00  0.541298414E-04
  0.140000000E+01  0.752298501E+00 -0.746380616E-01  0.310817790E+00  0.579931261E-04
  0.150000000E+01  0.788374995E+00  0.303737404E-02  0.310813695E+00  0.620881037E-04
  0.160000000E+01  0.746320444E+00  0.804107362E-01  0.310809119E+00  0.666637604E-04
  0.170000000E+01  0.630524996E+00  0.149822119E+00  0.310804441E+00  0.713420395E-04
  0.180000000E+01  0.452893199E+00  0.204436242E+00  0.310800209E+00  0.755741520E-04
  0.190000000E+01  0.231247925E+00  0.238919964E+00  0.310796444E+00  0.793387972E-04
  0.200000000E+01 -0.127075005E-01  0.249933756E+00  0.310792655E+00  0.831276606E-04
  0.210000000E+01 -0.255436705E+00  0.236416491E+00  0.310788496E+00  0.872866396E-04
  0.220000000E+01 -0.473501792E+00  0.199671540E+00  0.310784175E+00  0.916082912E-04
  0.230000000E+01 -0.645503511E+00  0.143260665E+00  0.310780094E+00  0.956885040E-04
  0.240000000E+01 -0.754139072E+00  0.726980026E-01  0.310776232E+00  0.995507541E-04
  0.250000000E+01 -0.788218230E+00 -0.506235481E-02  0.310772126E+00  0.103656934E-03
  0.260000000E+01 -0.744182495E+00 -0.823199592E-01  0.310767541E+00  0.108241694E-03
  0.270000000E+01 -0.626627743E+00 -0.151426957E+00  0.310762869E+00  0.112913606E-03
  0.280000000E+01 -0.447632762E+00 -0.205579322E+00  0.310758653E+00  0.117130366E-03
  0.290000000E+01 -0.225145161E+00 -0.239490207E+00  0.310754895E+00  0.120888067E-03
  0.300000000E+01  0.190609236E-01 -0.249876147E+00  0.310751099E+00  0.124683787E-03
  0.310000000E+01  0.261429279E+00 -0.235736579E+00  0.310746932E+00  0.128851211E-03
  0.320000000E+01  0.478551142E+00 -0.198434982E+00  0.310742612E+00  0.133170425E-03
  0.330000000E+01  0.649107690E+00 -0.141587772E+00  0.310738541E+00  0.137241575E-03
  0.340000000E+01  0.755930123E+00 -0.707530130E-01  0.310734680E+00  0.141103142E-03
  0.350000000E+01  0.788009423E+00  0.708714329E-02  0.310730562E+00  0.145220703E-03
  0.360000000E+01  0.741995436E+00  0.842238882E-01  0.310725969E+00  0.149814273E-03
  0.370000000E+01  0.622689322E+00  0.153021950E+00  0.310721303E+00  0.154479414E-03
  0.380000000E+01  0.442343020E+00  0.206709007E+00  0.310717102E+00  0.158680828E-03
  0.390000000E+01  0.219027519E+00  0.240044830E+00  0.310713351E+00  0.162431959E-03
  0.400000000E+01 -0.254135858E-01  0.249802206E+00  0.310709548E+00  0.166234779E-03
  0.410000000E+01 -0.267405500E+00  0.235041198E+00  0.310705372E+00  0.170410476E-03
  0.420000000E+01 -0.483569871E+00  0.197185320E+00  0.310701056E+00  0.174726946E-03
  0.430000000E+01 -0.652669686E+00  0.139905443E+00  0.310696994E+00  0.178789062E-03
  0.440000000E+01 -0.757671504E+00  0.688032188E-01  0.310693133E+00  0.182650299E-03
  0.450000000E+01 -0.787748563E+00 -0.911160550E-02  0.310689003E+00  0.186779410E-03
  0.460000000E+01 -0.739759398E+00 -0.861223951E-01  0.310684401E+00  0.191381485E-03
  0.470000000E+01 -0.618709981E+00 -0.154606988E+00  0.310679743E+00  0.196039458E-03
  0.480000000E+01 -0.437024310E+00 -0.207825216E+00  0.310675557E+00  0.200225544E-03
  0.490000000E+01 -0.212895386E+00 -0.240583790E+00  0.310671812E+00  0.203970484E-03
  0.500000000E+01  0.317650793E-01 -0.249711932E+00  0.310668002E+00  0.207780639E-03
  0.510000000E+01  0.273364971E+00 -0.234330385E+00  0.310663818E+00  0.211964426E-03
  0.520000000E+01  0.488557631E+00 -0.195922629E+00  0.310659505E+00  0.216277850E-03
  0.530000000E+01  0.656189238E+00 -0.138213784E+00  0.310655452E+00  0.220330972E-03
  0.540000000E+01  0.759363070E+00 -0.668487464E-01  0.310651591E+00  0.224192235E-03
  0.550000000E+01  0.787435645E+00  0.111356073E-01  0.310647450E+00  0.228333053E-03
  0.560000000E+01  0.737474511E+00  0.880153521E-01  0.310642840E+00  0.232943319E-03
  0.570000000E+01  0.614689970E+00  0.156181963E+00  0.310638189E+00  0.237593732E-03
  0.580000000E+01  0.431676968E+00  0.208927871E+00  0.310634018E+00  0.241764522E-03
  0.590000000E+01  0.206749150E+00  0.241107043E+00  0.310630279E+00  0.245503653E-03
  0.600000000E+01 -0.381149964E-01  0.249605321E+00  0.310626462E+00  0.249321369E-03
  0.610000000E+01 -0.279307299E+00  0.233604177E+00  0.310622270E+00  0.253513053E-03
  0.620000000E+01 -0.493514077E+00  0.194646983E+00  0.310617960E+00  0.257823133E-03
  0.630000000E+01 -0.659666083E+00  0.136512901E+00  0.310613916E+00  0.261867312E-03
  0.640000000E+01 -0.761004678E+00  0.648897227E-01  0.310610054E+00  0.265728960E-03
  0.650000000E+01 -0.787070664E+00 -0.131590146E-01  0.310605901E+00  0.269881630E-03
  0.660000000E+01 -0.735140910E+00 -0.899026318E-01  0.310601283E+00  0.274499765E-03
  0.670000000E+01 -0.610629542E+00 -0.157746768E+00  0.310596641E+00  0.279142231E-03
  0.680000000E+01 -0.426301332E+00 -0.210016894E+00  0.310592485E+00  0.283297769E-03
  0.690000000E+01 -0.200589202E+00 -0.241614550E+00  0.310588751E+00  0.287031477E-03
  0.700000000E+01  0.444629287E-01 -0.249482372E+00  0.310584926E+00  0.290856968E-03
  0.710000000E+01  0.285232089E+00 -0.232862615E+00  0.310580727E+00  0.295056350E-03
  0.720000000E+01  0.498438862E+00 -0.193358461E+00  0.310576420E+00  0.299362792E-03
  0.730000000E+01  0.663099963E+00 -0.134802901E+00  0.310572385E+00  0.303398090E-03
  0.740000000E+01  0.762596190E+00 -0.629262749E-01  0.310568522E+00  0.307260484E-03
  0.750000000E+01  0.786653622E+00  0.151816931E-01  0.310564358E+00  0.311425139E-03
  0.760000000E+01  0.732758736E+00  0.917841071E-01  0.310559732E+00  0.316050810E-03
  0.770000000E+01  0.606528954E+00  0.159301295E+00  0.310555098E+00  0.320684952E-03
  0.780000000E+01  0.420897744E+00  0.211092208E+00  0.310550958E+00  0.324825295E-03
  0.790000000E+01  0.194415933E+00  0.242106269E+00  0.310547229E+00  0.328553967E-03
  0.800000000E+01 -0.508084678E-01  0.249343087E+00  0.310543395E+00  0.332387437E-03
  0.810000000E+01 -0.291138948E+00  0.232105739E+00  0.310539189E+00  0.336594308E-03
  0.820000000E+01 -0.503331643E+00  0.192057139E+00  0.310534886E+00  0.340896823E-03
  0.830000000E+01 -0.666490621E+00  0.133083893E+00  0.310530860E+00  0.344923314E-03
  0.840000000E+01 -0.764137470E+00  0.609585306E-01  0.310526996E+00  0.348786815E-03
  0.850000000E+01 -0.786184523E+00 -0.172035084E-01  0.310522819E+00  0.352963578E-03
  0.860000000E+01 -0.730328130E+00 -0.936596509E-01  0.310518186E+00  0.357596445E-03
  0.870000000E+01 -0.602388463E+00 -0.160845438E+00  0.310513561E+00  0.362221888E-03
  0.880000000E+01 -0.415466547E+00 -0.212153737E+00  0.310509436E+00  0.366347107E-03
  0.890000000E+01 -0.188229735E+00 -0.242582163E+00  0.310505712E+00  0.370071132E-03
  0.900000000E+01  0.571512050E-01 -0.249187466E+00  0.310501870E+00  0.373912776E-03
  0.910000000E+01  0.297027482E+00 -0.231333590E+00  0.310497656E+00  0.378126920E-03
  0.920000000E+01  0.508192079E+00 -0.190743096E+00  0.310493358E+00  0.382425223E-03
  0.930000000E+01  0.669837805E+00 -0.131355985E+00  0.310489340E+00  0.386442992E-03
  0.940000000E+01  0.765628387E+00 -0.589866181E-01  0.310485475E+00  0.390307963E-03
  0.950000000E+01  0.785663375E+00  0.192243263E-01  0.310481286E+00  0.394496943E-03
  0.960000000E+01  0.727849237E+00  0.955291367E-01  0.310476646E+00  0.399136657E-03
  0.970000000E+01  0.598208333E+00  0.162379090E+00  0.310472030E+00  0.403753036E-03
  0.980000000E+01  0.410008086E+00  0.213201404E+00  0.310467920E+00  0.407863214E-03
  0.990000000E+01  0.182031002E+00  0.243042191E+00  0.310464200E+00  0.411582982E-03
  0.100000000E+02 -0.634907313E-01  0.249015511E+00  0.310460350E+00  0.415432986E-03
