 #        t           theta             dtheta/dt=u       y_exact        Error Absoluto
  0.000000000E+00  0.000000000E+00  0.100000000E+01  0.990000000E+00
  0.100000000E+00 -0.983333333E+00  0.950416667E+00  0.950415280E-02  0.940912514E+00
  0.200000000E+00 -0.186915278E+01  0.806597396E+00  0.806578410E-02  0.798531612E+00
  0.300000000E+00 -0.256962806E+01  0.582803585E+00  0.582753611E-02  0.576976049E+00
  0.400000000E+00 -0.301530753E+01  0.301226148E+00  0.301137463E-02  0.298214774E+00
  0.500000000E+00 -0.316200424E+01 -0.102148883E-01 -0.103423189E-03  0.101114651E-01
  0.600000000E+00 -0.299517689E+01 -0.320638817E+00 -0.320796458E-02  0.317430852E+00
  0.700000000E+00 -0.253137120E+01 -0.599266203E+00 -0.599437393E-02  0.593271829E+00
  0.800000000E+00 -0.181657894E+01 -0.818470755E+00 -0.818632457E-02  0.810284431E+00
  0.900000000E+00 -0.921677329E+00 -0.956518510E+00 -0.956644200E-02  0.946952068E+00
  0.100000000E+01  0.645990401E-01 -0.999722738E+00 -0.999786073E-02  0.989724877E+00
  0.110000000E+01  0.104445670E+01 -0.943800913E+00 -0.943779722E-02  0.934363116E+00
  0.120000000E+01  0.192073995E+01 -0.794299209E+00 -0.794179265E-02  0.786357417E+00
  0.130000000E+01  0.260656415E+01 -0.566042445E+00 -0.565820495E-02  0.560384240E+00
  0.140000000E+01  0.303393041E+01 -0.281664032E+00 -0.281349624E-02  0.278850536E+00
  0.150000000E+01  0.316046766E+01  0.306382999E-01  0.310225317E-03  0.303280746E-01
  0.160000000E+01  0.297363348E+01  0.339898471E+00  0.340318200E-02  0.336495289E+00
  0.170000000E+01  0.249195732E+01  0.615452464E+00  0.615864703E-02  0.609293817E+00
  0.180000000E+01  0.176320285E+01  0.829978750E+00  0.830336249E-02  0.821675387E+00
  0.190000000E+01  0.859631605E+00  0.962207250E+00  0.962463815E-02  0.952582612E+00
  0.200000000E+01 -0.129162258E+00  0.999028248E+00  0.999144383E-02  0.989036805E+00
  0.210000000E+01 -0.110513574E+01  0.936792142E+00  0.936740363E-02  0.927424739E+00
  0.220000000E+01 -0.197151837E+01  0.781671184E+00  0.781440326E-02  0.773856781E+00
  0.230000000E+01 -0.264240725E+01  0.549047349E+00  0.548645290E-02  0.543560896E+00
  0.240000000E+01 -0.305128445E+01  0.261987038E+00  0.261441408E-02  0.259372624E+00
  0.250000000E+01 -0.315761218E+01 -0.510461228E-01 -0.516894714E-03  0.505292281E-01
  0.260000000E+01 -0.295085189E+01 -0.359013617E+00 -0.359694335E-02  0.355416674E+00
  0.270000000E+01 -0.245150876E+01 -0.631379627E+00 -0.632028514E-02  0.625059342E+00
  0.280000000E+01 -0.170909815E+01 -0.841138749E+00 -0.841684778E-02  0.832721901E+00
  0.290000000E+01 -0.797235596E+00 -0.967493604E+00 -0.967871636E-02  0.957814888E+00
  0.300000000E+01  0.193662712E+00 -0.997916880E+00 -0.998075205E-02  0.987936128E+00
  0.310000000E+01  0.116534520E+01 -0.929393334E+00 -0.929300216E-02  0.920100332E+00
  0.320000000E+01  0.202146695E+01 -0.768718637E+00 -0.768367045E-02  0.761034966E+00
  0.330000000E+01  0.267714254E+01 -0.531825421E+00 -0.531235345E-02  0.526513068E+00
  0.340000000E+01  0.306736255E+01 -0.242203395E+00 -0.241421334E-02  0.239789181E+00
  0.350000000E+01  0.315343916E+01  0.714298412E-01  0.723342955E-03  0.707064982E-01
  0.360000000E+01  0.292684179E+01  0.377976296E+00  0.378916574E-02  0.374187130E+00
  0.370000000E+01  0.241004253E+01  0.647041081E+00  0.647921908E-02  0.640561862E+00
  0.380000000E+01  0.165428753E+01  0.851946143E+00  0.852673189E-02  0.843419411E+00
  0.390000000E+01  0.734515395E+00  0.972375420E+00  0.972865348E-02  0.962646766E+00
  0.400000000E+01 -0.258073489E+00  0.996389152E+00  0.996578996E-02  0.986423362E+00
  0.410000000E+01 -0.122506001E+01  0.921607630E+00  0.921462464E-02  0.912393006E+00
  0.420000000E+01 -0.207056496E+01  0.755447018E+00  0.754965015E-02  0.747897367E+00
  0.430000000E+01 -0.271075568E+01  0.514383882E+00  0.513598109E-02  0.509247901E+00
  0.440000000E+01 -0.308215819E+01  0.222321373E+00  0.221297967E-02  0.220108393E+00
  0.450000000E+01 -0.314795053E+01 -0.917809507E-01 -0.929481711E-03  0.908514690E-01
  0.460000000E+01 -0.290161338E+01 -0.396778614E+00 -0.397976691E-02  0.392798847E+00
  0.470000000E+01 -0.236757608E+01 -0.662430324E+00 -0.663538085E-02  0.655794943E+00
  0.480000000E+01 -0.159879395E+01 -0.862396469E+00 -0.863296780E-02  0.853763501E+00
  0.490000000E+01 -0.671497223E+00 -0.976850716E+00 -0.977442817E-02  0.967076287E+00
  0.500000000E+01  0.322367718E+00 -0.994445761E+00 -0.994656397E-02  0.984499197E+00
  0.510000000E+01  0.128425532E+01 -0.913438333E+00 -0.913230460E-02  0.904306029E+00
  0.520000000E+01  0.211879202E+01 -0.741861910E+00 -0.741239970E-02  0.734449510E+00
  0.530000000E+01  0.274323279E+01 -0.496730041E+00 -0.495741128E-02  0.491772630E+00
  0.540000000E+01  0.309566537E+01 -0.202349286E+00 -0.201079916E-02  0.200338486E+00
  0.550000000E+01  0.314114876E+01  0.112090962E+00  0.113522278E-02  0.110955739E+00
  0.560000000E+01  0.287517736E+01  0.415412746E+00  0.416866532E-02  0.411244081E+00
  0.570000000E+01  0.232412728E+01  0.677540971E+00  0.678870366E-02  0.670752268E+00
  0.580000000E+01  0.154264068E+01  0.872485414E+00  0.873551006E-02  0.863749904E+00
  0.590000000E+01  0.608207423E+00  0.980917679E+00  0.981602082E-02  0.971101658E+00
  0.600000000E+01 -0.386518579E+00  0.992087574E+00  0.992308230E-02  0.982164492E+00
  0.610000000E+01 -0.134290648E+01  0.904888905E+00  0.904607727E-02  0.895842828E+00
  0.620000000E+01 -0.216612812E+01  0.727969026E+00  0.727197783E-02  0.720697048E+00
  0.630000000E+01 -0.277456048E+01  0.478871296E+00  0.477672042E-02  0.474094576E+00
  0.640000000E+01 -0.310787863E+01  0.182295481E+00  0.180775833E-02  0.180487722E+00
  0.650000000E+01 -0.313303687E+01 -0.132351402E+00 -0.134047815E-02  0.131010924E+00
  0.660000000E+01 -0.284754492E+01 -0.433870938E+00 -0.435578015E-02  0.429515158E+00
  0.670000000E+01 -0.227971439E+01 -0.692366754E+00 -0.693912189E-02  0.685427632E+00
  0.680000000E+01 -0.148585124E+01 -0.882208817E+00 -0.883431479E-02  0.873374503E+00
  0.690000000E+01 -0.544672450E+00 -0.984574669E+00 -0.985341365E-02  0.974721256E+00
  0.700000000E+01  0.450499317E+00 -0.989315633E+00 -0.989535499E-02  0.979420278E+00
  0.710000000E+01  0.140098910E+01 -0.895962966E+00 -0.895597953E-02  0.887006987E+00
  0.720000000E+01  0.221255364E+01 -0.713774208E+00 -0.712844460E-02  0.706645763E+00
  0.730000000E+01  0.280472583E+01 -0.460815129E+00 -0.459398582E-02  0.456221143E+00
  0.740000000E+01  0.311879305E+01 -0.162168339E+00 -0.160394403E-02  0.160564395E+00
  0.750000000E+01  0.312361843E+01  0.152553824E+00  0.154515998E-02  0.151008664E+00
  0.760000000E+01  0.281872775E+01  0.452145509E+00  0.454103135E-02  0.447604477E+00
  0.770000000E+01  0.223435608E+01  0.706901523E+00  0.708657118E-02  0.699814951E+00
  0.780000000E+01  0.142844943E+01  0.891562670E+00  0.892933972E-02  0.882633331E+00
  0.790000000E+01  0.480918854E+00  0.987820215E+00  0.988659065E-02  0.977933625E+00
  0.800000000E+01 -0.514283251E+00  0.986131150E+00  0.986339392E-02  0.976267756E+00
  0.810000000E+01 -0.145847900E+01  0.886664295E+00  0.886204995E-02  0.877802245E+00
  0.820000000E+01 -0.225804931E+01  0.699283421E+00  0.698186145E-02  0.692301560E+00
  0.830000000E+01 -0.283371640E+01  0.442569103E+00  0.440928566E-02  0.438159817E+00
  0.840000000E+01 -0.312840424E+01  0.141976272E+00  0.139944349E-02  0.140576829E+00
  0.850000000E+01 -0.311289753E+01 -0.172689802E+00 -0.174918071E-02  0.170940621E+00
  0.860000000E+01 -0.278873806E+01 -0.470228856E+00 -0.472433964E-02  0.465504517E+00
  0.870000000E+01 -0.218807142E+01 -0.721139251E+00 -0.723098846E-02  0.713908263E+00
  0.880000000E+01 -0.137045928E+01 -0.900543120E+00 -0.902054420E-02  0.891522576E+00
  0.890000000E+01 -0.416973276E+00 -0.990653020E+00 -0.991553763E-02  0.980737482E+00
  0.900000000E+01  0.577843785E+00 -0.982535513E+00 -0.982721275E-02  0.972708300E+00
  0.910000000E+01  0.151535229E+01 -0.876996821E+00 -0.876432869E-02  0.868232493E+00
  0.920000000E+01  0.230259628E+01 -0.684502754E+00 -0.683229107E-02  0.677670463E+00
  0.930000000E+01  0.286152025E+01 -0.424140859E+00 -0.422269897E-02  0.419918160E+00
  0.940000000E+01  0.313670838E+01 -0.121727717E+00 -0.119434418E-02  0.120533373E+00
  0.950000000E+01  0.310087885E+01  0.192750940E+00  0.195245305E-02  0.190798487E+00
  0.960000000E+01  0.275758851E+01  0.488113460E+00  0.490562661E-02  0.483207833E+00
  0.970000000E+01  0.214087985E+01  0.735074038E+00  0.737231192E-02  0.727701726E+00
  0.980000000E+01  0.131190509E+01  0.909146469E+00  0.910788920E-02  0.900038579E+00
  0.990000000E+01  0.352862431E+00  0.993071956E+00  0.994024221E-02  0.983131714E+00
  0.100000000E+02 -0.641154422E+00  0.978530277E+00  0.978682697E-02  0.968743450E+00
