 #        t           theta             dtheta/dt=u       Energía        E_energía
  0.000000000E+00  0.000000000E+00  0.500000000E+00  0.122417438E+01  0.000000000E+00
  0.100000000E-01 -0.479355413E-01  0.499760305E+00  0.122417438E+01  0.150428558E-10
  0.200000000E-01 -0.958290099E-01  0.499041429E+00  0.122417438E+01  0.355580010E-10
  0.300000000E-01 -0.143638337E+00  0.497844005E+00  0.122417438E+01  0.614288620E-10
  0.400000000E-01 -0.191321463E+00  0.496169083E+00  0.122417438E+01  0.924555987E-10
  0.500000000E-01 -0.238836340E+00  0.494018137E+00  0.122417438E+01  0.128354882E-09
  0.600000000E-01 -0.286140939E+00  0.491393057E+00  0.122417438E+01  0.168767667E-09
  0.700000000E-01 -0.333193258E+00  0.488296159E+00  0.122417438E+01  0.213259632E-09
  0.800000000E-01 -0.379951326E+00  0.484730173E+00  0.122417438E+01  0.261326072E-09
  0.900000000E-01 -0.426373217E+00  0.480698253E+00  0.122417438E+01  0.312405879E-09
  0.100000000E+00 -0.472417060E+00  0.476203969E+00  0.122417438E+01  0.365878439E-09
  0.110000000E+00 -0.518041054E+00  0.471251311E+00  0.122417438E+01  0.421081614E-09
  0.120000000E+00 -0.563203482E+00  0.465844687E+00  0.122417438E+01  0.477315076E-09
  0.130000000E+00 -0.607862730E+00  0.459988919E+00  0.122417438E+01  0.533850741E-09
  0.140000000E+00 -0.651977311E+00  0.453689248E+00  0.122417438E+01  0.589947202E-09
  0.150000000E+00 -0.695505885E+00  0.446951326E+00  0.122417438E+01  0.644853504E-09
  0.160000000E+00 -0.738407291E+00  0.439781221E+00  0.122417438E+01  0.697825353E-09
  0.170000000E+00 -0.780640573E+00  0.432185408E+00  0.122417438E+01  0.748137108E-09
  0.180000000E+00 -0.822165015E+00  0.424170772E+00  0.122417438E+01  0.795088440E-09
  0.190000000E+00 -0.862940179E+00  0.415744605E+00  0.122417438E+01  0.838019432E-09
  0.200000000E+00 -0.902925941E+00  0.406914600E+00  0.122417438E+01  0.876321016E-09
  0.210000000E+00 -0.942082538E+00  0.397688850E+00  0.122417438E+01  0.909441189E-09
  0.220000000E+00 -0.980370612E+00  0.388075844E+00  0.122417438E+01  0.936903000E-09
  0.230000000E+00 -0.101775126E+01  0.378084463E+00  0.122417438E+01  0.958304103E-09
  0.240000000E+00 -0.105418608E+01  0.367723972E+00  0.122417438E+01  0.973336078E-09
  0.250000000E+00 -0.108963725E+01  0.357004020E+00  0.122417438E+01  0.981778658E-09
  0.260000000E+00 -0.112406753E+01  0.345934630E+00  0.122417438E+01  0.983515713E-09
  0.270000000E+00 -0.115744040E+01  0.334526195E+00  0.122417438E+01  0.978535475E-09
  0.280000000E+00 -0.118972006E+01  0.322789467E+00  0.122417438E+01  0.966930980E-09
  0.290000000E+00 -0.122087152E+01  0.310735554E+00  0.122417438E+01  0.948906287E-09
  0.300000000E+00 -0.125086065E+01  0.298375911E+00  0.122417438E+01  0.924771371E-09
  0.310000000E+00 -0.127965427E+01  0.285722327E+00  0.122417438E+01  0.894942342E-09
  0.320000000E+00 -0.130722021E+01  0.272786918E+00  0.122417438E+01  0.859933458E-09
  0.330000000E+00 -0.133352736E+01  0.259582119E+00  0.122417438E+01  0.820357116E-09
  0.340000000E+00 -0.135854576E+01  0.246120667E+00  0.122417438E+01  0.776909426E-09
  0.350000000E+00 -0.138224666E+01  0.232415596E+00  0.122417438E+01  0.730364214E-09
  0.360000000E+00 -0.140460259E+01  0.218480218E+00  0.122417438E+01  0.681560808E-09
  0.370000000E+00 -0.142558743E+01  0.204328115E+00  0.122417438E+01  0.631390051E-09
  0.380000000E+00 -0.144517645E+01  0.189973122E+00  0.122417438E+01  0.580783643E-09
  0.390000000E+00 -0.146334643E+01  0.175429316E+00  0.122417438E+01  0.530698152E-09
  0.400000000E+00 -0.148007565E+01  0.160710997E+00  0.122417438E+01  0.482095475E-09
  0.410000000E+00 -0.149534401E+01  0.145832673E+00  0.122417438E+01  0.435931957E-09
  0.420000000E+00 -0.150913304E+01  0.130809048E+00  0.122417438E+01  0.393141963E-09
  0.430000000E+00 -0.152142598E+01  0.115655000E+00  0.122417438E+01  0.354617224E-09
  0.440000000E+00 -0.153220780E+01  0.100385566E+00  0.122417438E+01  0.321197291E-09
  0.450000000E+00 -0.154146528E+01  0.850159251E-01  0.122417438E+01  0.293649771E-09
  0.460000000E+00 -0.154918702E+01  0.695613797E-01  0.122417438E+01  0.272658562E-09
  0.470000000E+00 -0.155536347E+01  0.540373362E-01  0.122417438E+01  0.258813193E-09
  0.480000000E+00 -0.155998699E+01  0.384592872E-01  0.122417438E+01  0.252594834E-09
  0.490000000E+00 -0.156305184E+01  0.228427924E-01  0.122417438E+01  0.254371413E-09
  0.500000000E+00 -0.156455421E+01  0.720345918E-02  0.122417438E+01  0.264386735E-09
  0.510000000E+00 -0.156449222E+01 -0.844307671E-02  0.122417438E+01  0.282758039E-09
  0.520000000E+00 -0.156286596E+01 -0.240811705E-01  0.122417438E+01  0.309474224E-09
  0.530000000E+00 -0.155967745E+01 -0.396951880E-01  0.122417438E+01  0.344396067E-09
  0.540000000E+00 -0.155493065E+01 -0.552695247E-01  0.122417438E+01  0.387255339E-09
  0.550000000E+00 -0.154863146E+01 -0.707886259E-01  0.122417438E+01  0.437663905E-09
  0.560000000E+00 -0.154078766E+01 -0.862370047E-01  0.122417438E+01  0.495115948E-09
  0.570000000E+00 -0.153140897E+01 -0.101599262E+00  0.122417438E+01  0.559001290E-09
  0.580000000E+00 -0.152050691E+01 -0.116860106E+00  0.122417438E+01  0.628616048E-09
  0.590000000E+00 -0.150809486E+01 -0.132004367E+00  0.122417438E+01  0.703169079E-09
  0.600000000E+00 -0.149418799E+01 -0.147017020E+00  0.122417438E+01  0.781803511E-09
  0.610000000E+00 -0.147880319E+01 -0.161883200E+00  0.122417438E+01  0.863605853E-09
  0.620000000E+00 -0.146195905E+01 -0.176588219E+00  0.122417438E+01  0.947625312E-09
  0.630000000E+00 -0.144367582E+01 -0.191117583E+00  0.122417438E+01  0.103288667E-08
  0.640000000E+00 -0.142397534E+01 -0.205457011E+00  0.122417438E+01  0.111840937E-08
  0.650000000E+00 -0.140288094E+01 -0.219592443E+00  0.122417438E+01  0.120322197E-08
  0.660000000E+00 -0.138041748E+01 -0.233510065E+00  0.122417438E+01  0.128638034E-08
  0.670000000E+00 -0.135661117E+01 -0.247196316E+00  0.122417438E+01  0.136697698E-08
  0.680000000E+00 -0.133148959E+01 -0.260637904E+00  0.122417438E+01  0.144416035E-08
  0.690000000E+00 -0.130508160E+01 -0.273821820E+00  0.122417438E+01  0.151714619E-08
  0.700000000E+00 -0.127741724E+01 -0.286735348E+00  0.122417438E+01  0.158522706E-08
  0.710000000E+00 -0.124852770E+01 -0.299366080E+00  0.122417438E+01  0.164778458E-08
  0.720000000E+00 -0.121844525E+01 -0.311701925E+00  0.122417438E+01  0.170429404E-08
  0.730000000E+00 -0.118720315E+01 -0.323731120E+00  0.122417438E+01  0.175433601E-08
  0.740000000E+00 -0.115483559E+01 -0.335442237E+00  0.122417438E+01  0.179759385E-08
  0.750000000E+00 -0.112137762E+01 -0.346824196E+00  0.122417438E+01  0.183386284E-08
  0.760000000E+00 -0.108686510E+01 -0.357866273E+00  0.122417438E+01  0.186304661E-08
  0.770000000E+00 -0.105133463E+01 -0.368558105E+00  0.122417438E+01  0.188515736E-08
  0.780000000E+00 -0.101482348E+01 -0.378889697E+00  0.122417438E+01  0.190031457E-08
  0.790000000E+00 -0.977369531E+00 -0.388851432E+00  0.122417438E+01  0.190873806E-08
  0.800000000E+00 -0.939011216E+00 -0.398434073E+00  0.122417438E+01  0.191074445E-08
  0.810000000E+00 -0.899787480E+00 -0.407628771E+00  0.122417438E+01  0.190673810E-08
  0.820000000E+00 -0.859737716E+00 -0.416427069E+00  0.122417438E+01  0.189720750E-08
  0.830000000E+00 -0.818901717E+00 -0.424820904E+00  0.122417438E+01  0.188270954E-08
  0.840000000E+00 -0.777319632E+00 -0.432802616E+00  0.122417438E+01  0.186386417E-08
  0.850000000E+00 -0.735031924E+00 -0.440364945E+00  0.122417438E+01  0.184134286E-08
  0.860000000E+00 -0.692079329E+00 -0.447501038E+00  0.122417438E+01  0.181585769E-08
  0.870000000E+00 -0.648502819E+00 -0.454204452E+00  0.122417438E+01  0.178814852E-08
  0.880000000E+00 -0.604343573E+00 -0.460469152E+00  0.122417438E+01  0.175897430E-08
  0.890000000E+00 -0.559642941E+00 -0.466289518E+00  0.122417438E+01  0.172910042E-08
  0.900000000E+00 -0.514442423E+00 -0.471660344E+00  0.122417438E+01  0.169928516E-08
  0.910000000E+00 -0.468783640E+00 -0.476576839E+00  0.122417438E+01  0.167027459E-08
  0.920000000E+00 -0.422708317E+00 -0.481034629E+00  0.122417438E+01  0.164278502E-08
  0.930000000E+00 -0.376258262E+00 -0.485029756E+00  0.122417438E+01  0.161750102E-08
  0.940000000E+00 -0.329475350E+00 -0.488558684E+00  0.122417438E+01  0.159506008E-08
  0.950000000E+00 -0.282401511E+00 -0.491618294E+00  0.122417438E+01  0.157604418E-08
  0.960000000E+00 -0.235078718E+00 -0.494205885E+00  0.122417438E+01  0.156097779E-08
  0.970000000E+00 -0.187548977E+00 -0.496319178E+00  0.122417438E+01  0.155031610E-08
  0.980000000E+00 -0.139854318E+00 -0.497956314E+00  0.122417438E+01  0.154444080E-08
  0.990000000E+00 -0.920367893E-01 -0.499115855E+00  0.122417438E+01  0.154365765E-08
  0.100000000E+01 -0.441384525E-01 -0.499796781E+00  0.122417438E+01  0.154818669E-08
  0.101000000E+01  0.379862348E-02 -0.499998495E+00  0.122417438E+01  0.155816493E-08
  0.102000000E+01  0.517323659E-01 -0.499720820E+00  0.122417438E+01  0.157364499E-08
  0.103000000E+01  0.996207022E-01 -0.498963999E+00  0.122417438E+01  0.159458891E-08
  0.104000000E+01  0.147421565E+00 -0.497728697E+00  0.122417438E+01  0.162087654E-08
  0.105000000E+01  0.195092893E+00 -0.496015999E+00  0.122417438E+01  0.165230052E-08
  0.106000000E+01  0.242592642E+00 -0.493827411E+00  0.122417438E+01  0.168857217E-08
  0.107000000E+01  0.289878784E+00 -0.491164859E+00  0.122417438E+01  0.172932446E-08
  0.108000000E+01  0.336909318E+00 -0.488030688E+00  0.122417438E+01  0.177411863E-08
  0.109000000E+01  0.383642279E+00 -0.484427664E+00  0.122417438E+01  0.182244642E-08
  0.110000000E+01  0.430035742E+00 -0.480358974E+00  0.122417438E+01  0.187373783E-08
  0.111000000E+01  0.476047844E+00 -0.475828221E+00  0.122417438E+01  0.192737293E-08
  0.112000000E+01  0.521636787E+00 -0.470839427E+00  0.122417438E+01  0.198268335E-08
  0.113000000E+01  0.566760863E+00 -0.465397034E+00  0.122417438E+01  0.203896811E-08
  0.114000000E+01  0.611378467E+00 -0.459505898E+00  0.122417438E+01  0.209549578E-08
  0.115000000E+01  0.655448122E+00 -0.453171292E+00  0.122417438E+01  0.215152451E-08
  0.116000000E+01  0.698928503E+00 -0.446398900E+00  0.122417438E+01  0.220630425E-08
  0.117000000E+01  0.741778463E+00 -0.439194823E+00  0.122417438E+01  0.225909247E-08
  0.118000000E+01  0.783957063E+00 -0.431565569E+00  0.122417438E+01  0.230916375E-08
  0.119000000E+01  0.825423609E+00 -0.423518055E+00  0.122417438E+01  0.235581910E-08
  0.120000000E+01  0.866137685E+00 -0.415059605E+00  0.122417438E+01  0.239840503E-08
  0.121000000E+01  0.906059196E+00 -0.406197944E+00  0.122417438E+01  0.243631471E-08
  0.122000000E+01  0.945148408E+00 -0.396941196E+00  0.122417438E+01  0.246900300E-08
  0.123000000E+01  0.983365996E+00 -0.387297881E+00  0.122417438E+01  0.249599830E-08
  0.124000000E+01  0.102067310E+01 -0.377276911E+00  0.122417438E+01  0.251690557E-08
  0.125000000E+01  0.105703135E+01 -0.366887582E+00  0.122417438E+01  0.253142196E-08
  0.126000000E+01  0.109240298E+01 -0.356139573E+00  0.122417438E+01  0.253933585E-08
  0.127000000E+01  0.112675081E+01 -0.345042936E+00  0.122417438E+01  0.254053978E-08
  0.128000000E+01  0.116003835E+01 -0.333608091E+00  0.122417438E+01  0.253503019E-08
  0.129000000E+01  0.119222989E+01 -0.321845822E+00  0.122417438E+01  0.252290810E-08
  0.130000000E+01  0.122329048E+01 -0.309767264E+00  0.122417438E+01  0.250438648E-08
  0.131000000E+01  0.125318609E+01 -0.297383896E+00  0.122417438E+01  0.247978393E-08
  0.132000000E+01  0.128188360E+01 -0.284707536E+00  0.122417438E+01  0.244952414E-08
  0.133000000E+01  0.130935092E+01 -0.271750325E+00  0.122417438E+01  0.241413045E-08
  0.134000000E+01  0.133555703E+01 -0.258524722E+00  0.122417438E+01  0.237422038E-08
  0.135000000E+01  0.136047208E+01 -0.245043488E+00  0.122417438E+01  0.233049824E-08
  0.136000000E+01  0.138406740E+01 -0.231319680E+00  0.122417438E+01  0.228374297E-08
  0.137000000E+01  0.140631563E+01 -0.217366631E+00  0.122417438E+01  0.223479746E-08
  0.138000000E+01  0.142719075E+01 -0.203197945E+00  0.122417438E+01  0.218455876E-08
  0.139000000E+01  0.144666817E+01 -0.188827475E+00  0.122417438E+01  0.213395812E-08
  0.140000000E+01  0.146472476E+01 -0.174269318E+00  0.122417438E+01  0.208395434E-08
  0.141000000E+01  0.148133895E+01 -0.159537789E+00  0.122417438E+01  0.203551043E-08
  0.142000000E+01  0.149649075E+01 -0.144647414E+00  0.122417438E+01  0.198958117E-08
  0.143000000E+01  0.151016183E+01 -0.129612910E+00  0.122417438E+01  0.194709715E-08
  0.144000000E+01  0.152233556E+01 -0.114449169E+00  0.122417438E+01  0.190894722E-08
  0.145000000E+01  0.153299706E+01 -0.991712399E-01  0.122417438E+01  0.187596538E-08
  0.146000000E+01  0.154213325E+01 -0.837943124E-01  0.122417438E+01  0.184891258E-08
  0.147000000E+01  0.154973288E+01 -0.683336972E-01  0.122417438E+01  0.182846760E-08
  0.148000000E+01  0.155578654E+01 -0.528048085E-01  0.122417438E+01  0.181520998E-08
  0.149000000E+01  0.156028675E+01 -0.372231451E-01  0.122417438E+01  0.180961357E-08
  0.150000000E+01  0.156322791E+01 -0.216042709E-01  0.122417438E+01  0.181203563E-08
  0.151000000E+01  0.156460637E+01 -0.596379638E-02  0.122417438E+01  0.182270998E-08
  0.152000000E+01  0.156442041E+01  0.968264128E-02  0.122417438E+01  0.184174542E-08
  0.153000000E+01  0.156267027E+01  0.253193975E-01  0.122417438E+01  0.186911908E-08
  0.154000000E+01  0.155935812E+01  0.409308396E-01  0.122417438E+01  0.190468175E-08
  0.155000000E+01  0.155448808E+01  0.565013665E-01  0.122417438E+01  0.194815453E-08
  0.156000000E+01  0.154806620E+01  0.720154280E-01  0.122417438E+01  0.199914085E-08
  0.157000000E+01  0.154010041E+01  0.874575436E-01  0.122417438E+01  0.205712691E-08
  0.158000000E+01  0.153060057E+01  0.102812322E+00  0.122417438E+01  0.212149343E-08
  0.159000000E+01  0.151957836E+01  0.118064480E+00  0.122417438E+01  0.219152874E-08
  0.160000000E+01  0.150704730E+01  0.133198859E+00  0.122417438E+01  0.226643726E-08
  0.161000000E+01  0.149302268E+01  0.148200447E+00  0.122417438E+01  0.234535613E-08
  0.162000000E+01  0.147752155E+01  0.163054391E+00  0.122417438E+01  0.242736986E-08
  0.163000000E+01  0.146056263E+01  0.177746018E+00  0.122417438E+01  0.251152299E-08
  0.164000000E+01  0.144216630E+01  0.192260852E+00  0.122417438E+01  0.259684074E-08
  0.165000000E+01  0.142235450E+01  0.206584626E+00  0.122417438E+01  0.268234279E-08
  0.166000000E+01  0.140115070E+01  0.220703301E+00  0.122417438E+01  0.276705858E-08
  0.167000000E+01  0.137857986E+01  0.234603082E+00  0.122417438E+01  0.285004553E-08
  0.168000000E+01  0.135466832E+01  0.248270429E+00  0.122417438E+01  0.293040192E-08
  0.169000000E+01  0.132944375E+01  0.261692072E+00  0.122417438E+01  0.300728131E-08
  0.170000000E+01  0.130293510E+01  0.274855024E+00  0.122417438E+01  0.307990344E-08
  0.171000000E+01  0.127517251E+01  0.287746594E+00  0.122417438E+01  0.314756754E-08
  0.172000000E+01  0.124618727E+01  0.300354398E+00  0.122417438E+01  0.320966365E-08
  0.173000000E+01  0.121601171E+01  0.312666371E+00  0.122417438E+01  0.326567551E-08
  0.174000000E+01  0.118467917E+01  0.324670775E+00  0.122417438E+01  0.331518946E-08
  0.175000000E+01  0.115222392E+01  0.336356212E+00  0.122417438E+01  0.335789974E-08
  0.176000000E+01  0.111868108E+01  0.347711628E+00  0.122417438E+01  0.339360984E-08
  0.177000000E+01  0.108408657E+01  0.358726327E+00  0.122417438E+01  0.342223094E-08
  0.178000000E+01  0.104847703E+01  0.369389976E+00  0.122417438E+01  0.344378526E-08
  0.179000000E+01  0.101188979E+01  0.379692609E+00  0.122417438E+01  0.345839890E-08
  0.180000000E+01  0.974362771E+00  0.389624639E+00  0.122417438E+01  0.346630125E-08
  0.181000000E+01  0.935934459E+00  0.399176860E+00  0.122417438E+01  0.346781537E-08
  0.182000000E+01  0.896643832E+00  0.408340453E+00  0.122417438E+01  0.346335294E-08
  0.183000000E+01  0.856530316E+00  0.417106993E+00  0.122417438E+01  0.345340734E-08
  0.184000000E+01  0.815633734E+00  0.425468449E+00  0.122417438E+01  0.343854190E-08
  0.185000000E+01  0.773994261E+00  0.433417192E+00  0.122417438E+01  0.341937945E-08
  0.186000000E+01  0.731652382E+00  0.440945993E+00  0.122417438E+01  0.339659723E-08
  0.187000000E+01  0.688648855E+00  0.448048034E+00  0.122417438E+01  0.337090800E-08
  0.188000000E+01  0.645024669E+00  0.454716901E+00  0.122417438E+01  0.334305561E-08
  0.189000000E+01  0.600821017E+00  0.460946595E+00  0.122417438E+01  0.331379857E-08
  0.190000000E+01  0.556079263E+00  0.466731528E+00  0.122417438E+01  0.328390093E-08
  0.191000000E+01  0.510840915E+00  0.472066525E+00  0.122417438E+01  0.325412297E-08
  0.192000000E+01  0.465147605E+00  0.476946829E+00  0.122417438E+01  0.322520721E-08
  0.193000000E+01  0.419041065E+00  0.481368100E+00  0.122417438E+01  0.319786797E-08
  0.194000000E+01  0.372563108E+00  0.485326413E+00  0.122417438E+01  0.317278670E-08
  0.195000000E+01  0.325755615E+00  0.488818263E+00  0.122417438E+01  0.315059556E-08
  0.196000000E+01  0.278660519E+00  0.491840566E+00  0.122417438E+01  0.313187476E-08
  0.197000000E+01  0.231319797E+00  0.494390655E+00  0.122417438E+01  0.311714143E-08
  0.198000000E+01  0.183775455E+00  0.496466283E+00  0.122417438E+01  0.310684634E-08
  0.199000000E+01  0.136069527E+00  0.498065625E+00  0.122417438E+01  0.310136561E-08
  0.200000000E+01  0.882440613E-01  0.499187275E+00  0.122417438E+01  0.310099546E-08
  0.201000000E+01  0.403411204E-01  0.499830248E+00  0.122417438E+01  0.310595194E-08
  0.202000000E+01 -0.759722612E-02  0.499993980E+00  0.122417438E+01  0.311636583E-08
  0.203000000E+01 -0.555289055E-01  0.499678326E+00  0.122417438E+01  0.313228110E-08
  0.204000000E+01 -0.103411845E+00  0.498883564E+00  0.122417438E+01  0.315365489E-08
  0.205000000E+01 -0.151203978E+00  0.497610392E+00  0.122417438E+01  0.318035798E-08
  0.206000000E+01 -0.198863246E+00  0.495859928E+00  0.122417438E+01  0.321217741E-08
  0.207000000E+01 -0.246347603E+00  0.493633710E+00  0.122417438E+01  0.324881810E-08
  0.208000000E+01 -0.293615024E+00  0.490933699E+00  0.122417438E+01  0.328990835E-08
  0.209000000E+01 -0.340623511E+00  0.487762273E+00  0.122417438E+01  0.333500116E-08
  0.210000000E+01 -0.387331100E+00  0.484122231E+00  0.122417438E+01  0.338358475E-08
  0.211000000E+01 -0.433695874E+00  0.480016793E+00  0.122417438E+01  0.343508533E-08
  0.212000000E+01 -0.479675971E+00  0.475449596E+00  0.122417438E+01  0.348887785E-08
  0.213000000E+01 -0.525229602E+00  0.470424696E+00  0.122417438E+01  0.354429219E-08
  0.214000000E+01 -0.570315064E+00  0.464946565E+00  0.122417438E+01  0.360062224E-08
  0.215000000E+01 -0.614890764E+00  0.459020094E+00  0.122417438E+01  0.365713881E-08
  0.216000000E+01 -0.658915235E+00  0.452650587E+00  0.122417438E+01  0.371309605E-08
  0.217000000E+01 -0.702347164E+00  0.445843764E+00  0.122417438E+01  0.376774545E-08
  0.218000000E+01 -0.745145420E+00  0.438605756E+00  0.122417438E+01  0.382034404E-08
  0.219000000E+01 -0.787269083E+00  0.430943105E+00  0.122417438E+01  0.387016819E-08
  0.220000000E+01 -0.828677479E+00  0.422862759E+00  0.122417438E+01  0.391652555E-08
  0.221000000E+01 -0.869330216E+00  0.414372074E+00  0.122417438E+01  0.395876221E-08
  0.222000000E+01 -0.909187225E+00  0.405478807E+00  0.122417438E+01  0.399627775E-08
  0.223000000E+01 -0.948208805E+00  0.396191114E+00  0.122417438E+01  0.402853084E-08
  0.224000000E+01 -0.986355664E+00  0.386517547E+00  0.122417438E+01  0.405505629E-08
  0.225000000E+01 -0.102358898E+01  0.376467046E+00  0.122417438E+01  0.407546796E-08
  0.226000000E+01 -0.105987043E+01  0.366048940E+00  0.122417438E+01  0.408946699E-08
  0.227000000E+01 -0.109516228E+01  0.355272937E+00  0.122417438E+01  0.409685219E-08
  0.228000000E+01 -0.112942742E+01  0.344149117E+00  0.122417438E+01  0.409752277E-08
  0.229000000E+01 -0.116262943E+01  0.332687932E+00  0.122417438E+01  0.409148426E-08
  0.230000000E+01 -0.119473261E+01  0.320900192E+00  0.122417438E+01  0.407884615E-08
  0.231000000E+01 -0.122570213E+01  0.308797059E+00  0.122417438E+01  0.405982892E-08
  0.232000000E+01 -0.125550400E+01  0.296390042E+00  0.122417438E+01  0.403476141E-08
  0.233000000E+01 -0.128410520E+01  0.283690982E+00  0.122417438E+01  0.400407485E-08
  0.234000000E+01 -0.131147371E+01  0.270712047E+00  0.122417438E+01  0.396829947E-08
  0.235000000E+01 -0.133757860E+01  0.257465720E+00  0.122417438E+01  0.392806143E-08
  0.236000000E+01 -0.136239011E+01  0.243964786E+00  0.122417438E+01  0.388406862E-08
  0.237000000E+01 -0.138587968E+01  0.230222324E+00  0.122417438E+01  0.383710841E-08
  0.238000000E+01 -0.140802004E+01  0.216251691E+00  0.122417438E+01  0.378802789E-08
  0.239000000E+01 -0.142878530E+01  0.202066508E+00  0.122417438E+01  0.373772524E-08
  0.240000000E+01 -0.144815097E+01  0.187680650E+00  0.122417438E+01  0.368713771E-08
  0.241000000E+01 -0.146609404E+01  0.173108231E+00  0.122417438E+01  0.363722141E-08
  0.242000000E+01 -0.148259307E+01  0.158363583E+00  0.122417438E+01  0.358894203E-08
  0.243000000E+01 -0.149762819E+01  0.143461250E+00  0.122417438E+01  0.354325258E-08
  0.244000000E+01 -0.151118121E+01  0.128415960E+00  0.122417438E+01  0.350108054E-08
  0.245000000E+01 -0.152323564E+01  0.113242621E+00  0.122417438E+01  0.346331031E-08
  0.246000000E+01 -0.153377675E+01  0.979562924E-01  0.122417438E+01  0.343077233E-08
  0.247000000E+01 -0.154279158E+01  0.825721741E-01  0.122417438E+01  0.340422002E-08
  0.248000000E+01 -0.155026903E+01  0.671055860E-01  0.122417438E+01  0.338432438E-08
  0.249000000E+01 -0.155619986E+01  0.515719495E-01  0.122417438E+01  0.337165762E-08
  0.250000000E+01 -0.156057671E+01  0.359867692E-01  0.122417438E+01  0.336668493E-08
  0.251000000E+01 -0.156339417E+01  0.203656137E-01  0.122417438E+01  0.336975381E-08
  0.252000000E+01 -0.156464871E+01  0.472409610E-02  0.122417438E+01  0.338108919E-08
  0.253000000E+01 -0.156433879E+01 -0.109221451E-01  0.122417438E+01  0.340078721E-08
  0.254000000E+01 -0.156246478E+01 -0.265574655E-01  0.122417438E+01  0.342881679E-08
  0.255000000E+01 -0.155902902E+01 -0.421662343E-01  0.122417438E+01  0.346501761E-08
  0.256000000E+01 -0.155403577E+01 -0.577328537E-01  0.122417438E+01  0.350910212E-08
  0.257000000E+01 -0.154749124E+01 -0.732417784E-01  0.122417438E+01  0.356066265E-08
  0.258000000E+01 -0.153940353E+01 -0.886775342E-01  0.122417438E+01  0.361917740E-08
  0.259000000E+01 -0.152978261E+01 -0.104024738E+00  0.122417438E+01  0.368402109E-08
  0.260000000E+01 -0.151864033E+01 -0.119268115E+00  0.122417438E+01  0.375447229E-08
  0.261000000E+01 -0.150599035E+01 -0.134392518E+00  0.122417438E+01  0.382973142E-08
  0.262000000E+01 -0.149184811E+01 -0.149382947E+00  0.122417438E+01  0.390892985E-08
  0.263000000E+01 -0.147623077E+01 -0.164224563E+00  0.122417438E+01  0.399114808E-08
  0.264000000E+01 -0.145915719E+01 -0.178902708E+00  0.122417438E+01  0.407542911E-08
  0.265000000E+01 -0.144064789E+01 -0.193402921E+00  0.122417438E+01  0.416079660E-08
  0.266000000E+01 -0.142072491E+01 -0.207710953E+00  0.122417438E+01  0.424627178E-08
  0.267000000E+01 -0.139941188E+01 -0.221812785E+00  0.122417438E+01  0.433088498E-08
  0.268000000E+01 -0.137673383E+01 -0.235694640E+00  0.122417438E+01  0.441369563E-08
  0.269000000E+01 -0.135271723E+01 -0.249342999E+00  0.122417438E+01  0.449380710E-08
  0.270000000E+01 -0.132738984E+01 -0.262744615E+00  0.122417438E+01  0.457037541E-08
  0.271000000E+01 -0.130078072E+01 -0.275886524E+00  0.122417438E+01  0.464262961E-08
  0.272000000E+01 -0.127292011E+01 -0.288756058E+00  0.122417438E+01  0.470987449E-08
  0.273000000E+01 -0.124383936E+01 -0.301340858E+00  0.122417438E+01  0.477150541E-08
  0.274000000E+01 -0.121357090E+01 -0.313628885E+00  0.122417438E+01  0.482701523E-08
  0.275000000E+01 -0.118214815E+01 -0.325608428E+00  0.122417438E+01  0.487600094E-08
  0.276000000E+01 -0.114960543E+01 -0.337268115E+00  0.122417438E+01  0.491816277E-08
  0.277000000E+01 -0.111597794E+01 -0.348596921E+00  0.122417438E+01  0.495331265E-08
  0.278000000E+01 -0.108130166E+01 -0.359584178E+00  0.122417438E+01  0.498137109E-08
  0.279000000E+01 -0.104561329E+01 -0.370219580E+00  0.122417438E+01  0.500237030E-08
  0.280000000E+01 -0.100895019E+01 -0.380493194E+00  0.122417438E+01  0.501644259E-08
  0.281000000E+01 -0.971350352E+00 -0.390395461E+00  0.122417438E+01  0.502382580E-08
  0.282000000E+01 -0.932852289E+00 -0.399917207E+00  0.122417438E+01  0.502484920E-08
  0.283000000E+01 -0.893495019E+00 -0.409049643E+00  0.122417438E+01  0.501993380E-08
  0.284000000E+01 -0.853318000E+00 -0.417784374E+00  0.122417438E+01  0.500957653E-08
  0.285000000E+01 -0.812361087E+00 -0.426113403E+00  0.122417438E+01  0.499434694E-08
  0.286000000E+01 -0.770664479E+00 -0.434029130E+00  0.122417438E+01  0.497487296E-08
  0.287000000E+01 -0.728268687E+00 -0.441524362E+00  0.122417438E+01  0.495183428E-08
  0.288000000E+01 -0.685214485E+00 -0.448592309E+00  0.122417438E+01  0.492594654E-08
  0.289000000E+01 -0.641542882E+00 -0.455226593E+00  0.122417438E+01  0.489795471E-08
  0.290000000E+01 -0.597295083E+00 -0.461421246E+00  0.122417438E+01  0.486861862E-08
  0.291000000E+01 -0.552512466E+00 -0.467170712E+00  0.122417438E+01  0.483870322E-08
  0.292000000E+01 -0.507236550E+00 -0.472469851E+00  0.122417438E+01  0.480896611E-08
  0.293000000E+01 -0.461508976E+00 -0.477313938E+00  0.122417438E+01  0.478014983E-08
  0.294000000E+01 -0.415371481E+00 -0.481698664E+00  0.122417438E+01  0.475296646E-08
  0.295000000E+01 -0.368865885E+00 -0.485620140E+00  0.122417438E+01  0.472809036E-08
  0.296000000E+01 -0.322034074E+00 -0.489074894E+00  0.122417438E+01  0.470615480E-08
  0.297000000E+01 -0.274917986E+00 -0.492059874E+00  0.122417438E+01  0.468773131E-08
  0.298000000E+01 -0.227559597E+00 -0.494572446E+00  0.122417438E+01  0.467333483E-08
  0.299000000E+01 -0.180000919E+00 -0.496610398E+00  0.122417438E+01  0.466340788E-08
  0.300000000E+01 -0.132283985E+00 -0.498171937E+00  0.122417438E+01  0.465832195E-08
  0.301000000E+01 -0.844508468E-01 -0.499255691E+00  0.122417438E+01  0.465836769E-08
  0.302000000E+01 -0.365435660E-01 -0.499860707E+00  0.122417438E+01  0.466375316E-08
  0.303000000E+01  0.113957870E-01 -0.499986455E+00  0.122417438E+01  0.467460226E-08
  0.304000000E+01  0.593251392E-01 -0.499632825E+00  0.122417438E+01  0.469095185E-08
  0.305000000E+01  0.107202419E+00 -0.498800126E+00  0.122417438E+01  0.471275352E-08
  0.306000000E+01  0.154985558E+00 -0.497489090E+00  0.122417438E+01  0.473987072E-08
  0.307000000E+01  0.202632501E+00 -0.495700869E+00  0.122417438E+01  0.477208495E-08
  0.308000000E+01  0.250101202E+00 -0.493437034E+00  0.122417438E+01  0.480909312E-08
  0.309000000E+01  0.297349638E+00 -0.490699579E+00  0.122417438E+01  0.485051732E-08
  0.310000000E+01  0.344335814E+00 -0.487490916E+00  0.122417438E+01  0.489590590E-08
  0.311000000E+01  0.391017770E+00 -0.483813877E+00  0.122417438E+01  0.494474350E-08
  0.312000000E+01  0.437353591E+00 -0.479671714E+00  0.122417438E+01  0.499644948E-08
  0.313000000E+01  0.483301421E+00 -0.475068098E+00  0.122417438E+01  0.505039499E-08
  0.314000000E+01  0.528819477E+00 -0.470007118E+00  0.122417438E+01  0.510590725E-08
  0.315000000E+01  0.573866065E+00 -0.464493280E+00  0.122417438E+01  0.516227905E-08
  0.316000000E+01  0.618399600E+00 -0.458531507E+00  0.122417438E+01  0.521877874E-08
  0.317000000E+01  0.662378627E+00 -0.452127137E+00  0.122417438E+01  0.527465982E-08
  0.318000000E+01  0.705761846E+00 -0.445285921E+00  0.122417438E+01  0.532917266E-08
  0.319000000E+01  0.748508142E+00 -0.438014023E+00  0.122417438E+01  0.538157741E-08
  0.320000000E+01  0.790576613E+00 -0.430318018E+00  0.122417438E+01  0.543115264E-08
  0.321000000E+01  0.831926605E+00 -0.422204886E+00  0.122417438E+01  0.547720691E-08
  0.322000000E+01  0.872517751E+00 -0.413682015E+00  0.122417438E+01  0.551908985E-08
  0.323000000E+01  0.912310010E+00 -0.404757194E+00  0.122417438E+01  0.555620683E-08
  0.324000000E+01  0.951263710E+00 -0.395438610E+00  0.122417438E+01  0.558802271E-08
  0.325000000E+01  0.989339597E+00 -0.385734846E+00  0.122417438E+01  0.561407743E-08
  0.326000000E+01  0.102649888E+01 -0.375654874E+00  0.122417438E+01  0.563399061E-08
  0.327000000E+01  0.106270329E+01 -0.365208052E+00  0.122417438E+01  0.564747094E-08
  0.328000000E+01  0.109791514E+01 -0.354404117E+00  0.122417438E+01  0.565432701E-08
  0.329000000E+01  0.113209737E+01 -0.343253181E+00  0.122417438E+01  0.565446534E-08
  0.330000000E+01  0.116521360E+01 -0.331765723E+00  0.122417438E+01  0.564789726E-08
  0.331000000E+01  0.119722822E+01 -0.319952581E+00  0.122417438E+01  0.563474378E-08
  0.332000000E+01  0.122810645E+01 -0.307824947E+00  0.122417438E+01  0.561523517E-08
  0.333000000E+01  0.125781438E+01 -0.295394353E+00  0.122417438E+01  0.558970448E-08
  0.334000000E+01  0.128631906E+01 -0.282672670E+00  0.122417438E+01  0.555859470E-08
  0.335000000E+01  0.131358857E+01 -0.269672090E+00  0.122417438E+01  0.552244162E-08
  0.336000000E+01  0.133959205E+01 -0.256405119E+00  0.122417438E+01  0.548187939E-08
  0.337000000E+01  0.136429984E+01 -0.242884568E+00  0.122417438E+01  0.543762213E-08
  0.338000000E+01  0.138768348E+01 -0.229123537E+00  0.122417438E+01  0.539046185E-08
  0.339000000E+01  0.140971582E+01 -0.215135403E+00  0.122417438E+01  0.534125055E-08
  0.340000000E+01  0.143037106E+01 -0.200933811E+00  0.122417438E+01  0.529089150E-08
  0.341000000E+01  0.144962483E+01 -0.186532654E+00  0.122417438E+01  0.524032218E-08
  0.342000000E+01  0.146745425E+01 -0.171946062E+00  0.122417438E+01  0.519050070E-08
  0.343000000E+01  0.148383799E+01 -0.157188388E+00  0.122417438E+01  0.514239185E-08
  0.344000000E+01  0.149875633E+01 -0.142274188E+00  0.122417438E+01  0.509694753E-08
  0.345000000E+01  0.151219119E+01 -0.127218207E+00  0.122417438E+01  0.505509168E-08
  0.346000000E+01  0.152412623E+01 -0.112035364E+00  0.122417438E+01  0.501770669E-08
  0.347000000E+01  0.153454685E+01 -0.967407309E-01  0.122417438E+01  0.498561525E-08
  0.348000000E+01  0.154344025E+01 -0.813495181E-01  0.122417438E+01  0.495956765E-08
  0.349000000E+01  0.155079547E+01 -0.658770537E-01  0.122417438E+01  0.494022534E-08
  0.350000000E+01  0.155660341E+01 -0.503387668E-01  0.122417438E+01  0.492815366E-08
  0.351000000E+01  0.156085689E+01 -0.347501675E-01  0.122417438E+01  0.492380714E-08
  0.352000000E+01  0.156355061E+01 -0.191268287E-01  0.122417438E+01  0.492752439E-08
  0.353000000E+01  0.156468123E+01 -0.348436614E-02  0.122417438E+01  0.493951946E-08
  0.354000000E+01  0.156424734E+01  0.121615804E-01  0.122417438E+01  0.495988028E-08
  0.355000000E+01  0.156224948E+01  0.277953669E-01  0.122417438E+01  0.498856534E-08
  0.356000000E+01  0.155869013E+01  0.434013645E-01  0.122417438E+01  0.502540298E-08
  0.357000000E+01  0.155357372E+01  0.589639788E-01  0.122417438E+01  0.507009568E-08
  0.358000000E+01  0.154690660E+01  0.744676694E-01  0.122417438E+01  0.512222864E-08
  0.359000000E+01  0.153869702E+01  0.898969688E-01  0.122417438E+01  0.518126875E-08
  0.360000000E+01  0.152895510E+01  0.105236502E+00  0.122417438E+01  0.524658450E-08
  0.361000000E+01  0.151769284E+01  0.120471003E+00  0.122417438E+01  0.531744626E-08
  0.362000000E+01  0.150492404E+01  0.135585336E+00  0.122417438E+01  0.539304956E-08
  0.363000000E+01  0.149066427E+01  0.150564513E+00  0.122417438E+01  0.547252110E-08
  0.364000000E+01  0.147493084E+01  0.165393709E+00  0.122417438E+01  0.555493829E-08
  0.365000000E+01  0.145774274E+01  0.180058281E+00  0.122417438E+01  0.563934122E-08
  0.366000000E+01  0.143912060E+01  0.194543783E+00  0.122417438E+01  0.572475312E-08
  0.367000000E+01  0.141908661E+01  0.208835986E+00  0.122417438E+01  0.581019521E-08
  0.368000000E+01  0.139766448E+01  0.222920888E+00  0.122417438E+01  0.589469895E-08
  0.369000000E+01  0.137487940E+01  0.236784732E+00  0.122417438E+01  0.597732885E-08
  0.370000000E+01  0.135075790E+01  0.250414021E+00  0.122417438E+01  0.605718831E-08
  0.371000000E+01  0.132532789E+01  0.263795528E+00  0.122417437E+01  0.613344309E-08
  0.372000000E+01  0.129861849E+01  0.276916313E+00  0.122417437E+01  0.620532381E-08
  0.373000000E+01  0.127066004E+01  0.289763734E+00  0.122417437E+01  0.627214392E-08
  0.374000000E+01  0.124148399E+01  0.302325455E+00  0.122417437E+01  0.633330766E-08
  0.375000000E+01  0.121112285E+01  0.314589463E+00  0.122417437E+01  0.638831454E-08
  0.376000000E+01  0.117961009E+01  0.326544073E+00  0.122417437E+01  0.643676823E-08
  0.377000000E+01  0.114698013E+01  0.338177941E+00  0.122417437E+01  0.647837961E-08
  0.378000000E+01  0.111326822E+01  0.349480069E+00  0.122417437E+01  0.651296883E-08
  0.379000000E+01  0.107851040E+01  0.360439819E+00  0.122417437E+01  0.654046617E-08
  0.380000000E+01  0.104274342E+01  0.371046913E+00  0.122417437E+01  0.656090915E-08
  0.381000000E+01  0.100600472E+01  0.381291448E+00  0.122417437E+01  0.657444210E-08
  0.382000000E+01  0.968332295E+00  0.391163895E+00  0.122417437E+01  0.658130794E-08
  0.383000000E+01  0.929764725E+00  0.400655110E+00  0.122417437E+01  0.658184551E-08
  0.384000000E+01  0.890341059E+00  0.409756335E+00  0.122417437E+01  0.657647892E-08
  0.385000000E+01  0.850100788E+00  0.418459209E+00  0.122417437E+01  0.656571508E-08
  0.386000000E+01  0.809083796E+00  0.426755762E+00  0.122417437E+01  0.655012489E-08
  0.387000000E+01  0.767330309E+00  0.434638429E+00  0.122417437E+01  0.653034338E-08
  0.388000000E+01  0.724880858E+00  0.442100048E+00  0.122417437E+01  0.650705134E-08
  0.389000000E+01  0.681776239E+00  0.449133862E+00  0.122417437E+01  0.648096976E-08
  0.390000000E+01  0.638057476E+00  0.455733526E+00  0.122417437E+01  0.645284381E-08
  0.391000000E+01  0.593765791E+00  0.461893102E+00  0.122417437E+01  0.642343401E-08
  0.392000000E+01  0.548942572E+00  0.467607070E+00  0.122417437E+01  0.639350484E-08
  0.393000000E+01  0.503629350E+00  0.472870320E+00  0.122417437E+01  0.636381459E-08
  0.394000000E+01  0.457867773E+00  0.477678162E+00  0.122417437E+01  0.633510222E-08
  0.395000000E+01  0.411699586E+00  0.482026320E+00  0.122417437E+01  0.630807673E-08
  0.396000000E+01  0.365166615E+00  0.485910938E+00  0.122417437E+01  0.628341201E-08
  0.397000000E+01  0.318310749E+00  0.489328576E+00  0.122417437E+01  0.626173358E-08
  0.398000000E+01  0.271173931E+00  0.492276216E+00  0.122417437E+01  0.624361118E-08
  0.399000000E+01  0.223798140E+00  0.494751258E+00  0.122417437E+01  0.622955332E-08
  0.400000000E+01  0.176225389E+00  0.496751522E+00  0.122417437E+01  0.621999874E-08
  0.401000000E+01  0.128497714E+00  0.498275249E+00  0.122417437E+01  0.621530938E-08
  0.402000000E+01  0.806571667E-01  0.499321100E+00  0.122417437E+01  0.621577168E-08
  0.403000000E+01  0.327458101E-01  0.499888157E+00  0.122417437E+01  0.622158614E-08
  0.404000000E+01 -0.151942852E-01  0.499975921E+00  0.122417437E+01  0.623287133E-08
  0.405000000E+01 -0.631210462E-01  0.499584315E+00  0.122417437E+01  0.624965590E-08
  0.406000000E+01 -0.110992401E+00  0.498713685E+00  0.122417437E+01  0.627188479E-08
  0.407000000E+01 -0.158766283E+00  0.497364792E+00  0.122417437E+01  0.629941477E-08
  0.408000000E+01 -0.206400636E+00  0.495538824E+00  0.122417437E+01  0.633202113E-08
  0.409000000E+01 -0.253853418E+00  0.493237385E+00  0.122417437E+01  0.636939346E-08
  0.410000000E+01 -0.301082606E+00  0.490462501E+00  0.122417437E+01  0.641114895E-08
  0.411000000E+01 -0.348046208E+00  0.487216618E+00  0.122417437E+01  0.645683129E-08
  0.412000000E+01 -0.394702267E+00  0.483502602E+00  0.122417437E+01  0.650591692E-08
  0.413000000E+01 -0.441008872E+00  0.479323738E+00  0.122417437E+01  0.655782451E-08
  0.414000000E+01 -0.486924173E+00  0.474683729E+00  0.122417437E+01  0.661191946E-08
  0.415000000E+01 -0.532406393E+00  0.469586698E+00  0.122417437E+01  0.666752631E-08
  0.416000000E+01 -0.577413846E+00  0.464037184E+00  0.122417437E+01  0.672393519E-08
  0.417000000E+01 -0.621904955E+00  0.458040142E+00  0.122417437E+01  0.678041223E-08
  0.418000000E+01 -0.665838279E+00  0.451600944E+00  0.122417437E+01  0.683621271E-08
  0.419000000E+01 -0.709172530E+00  0.444725374E+00  0.122417437E+01  0.689058544E-08
  0.420000000E+01 -0.751866609E+00  0.437419627E+00  0.122417437E+01  0.694279234E-08
  0.421000000E+01 -0.793879632E+00  0.429690312E+00  0.122417437E+01  0.699211267E-08
  0.422000000E+01 -0.835170967E+00  0.421544441E+00  0.122417437E+01  0.703786007E-08
  0.423000000E+01 -0.875700271E+00  0.412989433E+00  0.122417437E+01  0.707938641E-08
  0.424000000E+01 -0.915427530E+00  0.404033109E+00  0.122417437E+01  0.711610149E-08
  0.425000000E+01 -0.954313105E+00  0.394683688E+00  0.122417437E+01  0.714747661E-08
  0.426000000E+01 -0.992317775E+00  0.384949783E+00  0.122417437E+01  0.717305770E-08
  0.427000000E+01 -0.102940279E+01  0.374840398E+00  0.122417437E+01  0.719247017E-08
  0.428000000E+01 -0.106552993E+01  0.364364920E+00  0.122417437E+01  0.720543269E-08
  0.429000000E+01 -0.110066154E+01  0.353533118E+00  0.122417437E+01  0.721175741E-08
  0.430000000E+01 -0.113476062E+01  0.342355132E+00  0.122417437E+01  0.721136195E-08
  0.431000000E+01 -0.116779085E+01  0.330841469E+00  0.122417437E+01  0.720426718E-08
  0.432000000E+01 -0.119971670E+01  0.319002996E+00  0.122417437E+01  0.719060056E-08
  0.433000000E+01 -0.123050343E+01  0.306850932E+00  0.122417437E+01  0.717060078E-08
  0.434000000E+01 -0.126011721E+01  0.294396838E+00  0.122417437E+01  0.714461135E-08
  0.435000000E+01 -0.128852517E+01  0.281652608E+00  0.122417437E+01  0.711307968E-08
  0.436000000E+01 -0.131569547E+01  0.268630460E+00  0.122417437E+01  0.707655268E-08
  0.437000000E+01 -0.134159737E+01  0.255342927E+00  0.122417437E+01  0.703567071E-08
  0.438000000E+01 -0.136620126E+01  0.241802840E+00  0.122417437E+01  0.699115388E-08
  0.439000000E+01 -0.138947881E+01  0.228023323E+00  0.122417437E+01  0.694379976E-08
  0.440000000E+01 -0.141140296E+01  0.214017775E+00  0.122417437E+01  0.689446367E-08
  0.441000000E+01 -0.143194802E+01  0.199799861E+00  0.122417437E+01  0.684405332E-08
  0.442000000E+01 -0.145108975E+01  0.185383493E+00  0.122417437E+01  0.679350731E-08
  0.443000000E+01 -0.146880539E+01  0.170782820E+00  0.122417437E+01  0.674378731E-08
  0.444000000E+01 -0.148507372E+01  0.156012210E+00  0.122417437E+01  0.669585432E-08
  0.445000000E+01 -0.149987515E+01  0.141086236E+00  0.122417437E+01  0.665066135E-08
  0.446000000E+01 -0.151319175E+01  0.126019657E+00  0.122417437E+01  0.660912836E-08
  0.447000000E+01 -0.152500731E+01  0.110827405E+00  0.122417437E+01  0.657213395E-08
  0.448000000E+01 -0.153530736E+01  0.955245631E-01  0.122417437E+01  0.654049592E-08
  0.449000000E+01 -0.154407926E+01  0.801263518E-01  0.122417437E+01  0.651495546E-08
  0.450000000E+01 -0.155131219E+01  0.646481082E-01  0.122417437E+01  0.649617049E-08
  0.451000000E+01 -0.155699721E+01  0.491052681E-01  0.122417437E+01  0.648469545E-08
  0.452000000E+01 -0.156112727E+01  0.335133476E-01  0.122417437E+01  0.648097753E-08
  0.453000000E+01 -0.156369724E+01  0.178879235E-01  0.122417437E+01  0.648534426E-08
  0.454000000E+01 -0.156470392E+01  0.224461427E-02  0.122417437E+01  0.649800080E-08
  0.455000000E+01 -0.156414607E+01 -0.134009393E-01  0.122417437E+01  0.651902510E-08
  0.456000000E+01 -0.156202437E+01 -0.290330938E-01  0.122417437E+01  0.654836363E-08
  0.457000000E+01 -0.155834147E+01 -0.446362223E-01  0.122417437E+01  0.658583521E-08
  0.458000000E+01 -0.155310194E+01 -0.601947339E-01  0.122417437E+01  0.663113475E-08
  0.459000000E+01 -0.154631228E+01 -0.756930934E-01  0.122417437E+01  0.668383482E-08
  0.460000000E+01 -0.153798089E+01 -0.911158399E-01  0.122417437E+01  0.674339806E-08
  0.461000000E+01 -0.152811805E+01 -0.106447606E+00  0.122417437E+01  0.680917944E-08
  0.462000000E+01 -0.151673590E+01 -0.121673136E+00  0.122417437E+01  0.688044843E-08
  0.463000000E+01 -0.150384837E+01 -0.136777305E+00  0.122417437E+01  0.695639057E-08
  0.464000000E+01 -0.148947118E+01 -0.151745137E+00  0.122417437E+01  0.703612990E-08
  0.465000000E+01 -0.147362178E+01 -0.166561821E+00  0.122417437E+01  0.711873982E-08
  0.466000000E+01 -0.145631928E+01 -0.181212729E+00  0.122417437E+01  0.720325866E-08
  0.467000000E+01 -0.143758444E+01 -0.195683432E+00  0.122417437E+01  0.728870897E-08
  0.468000000E+01 -0.141743958E+01 -0.209959717E+00  0.122417437E+01  0.737411088E-08
  0.469000000E+01 -0.139590853E+01 -0.224027603E+00  0.122417437E+01  0.745850048E-08
  0.470000000E+01 -0.137301657E+01 -0.237873351E+00  0.122417437E+01  0.754094209E-08
  0.471000000E+01 -0.134879037E+01 -0.251483486E+00  0.122417437E+01  0.762054553E-08
  0.472000000E+01 -0.132325790E+01 -0.264844804E+00  0.122417437E+01  0.769648123E-08
  0.473000000E+01 -0.129644842E+01 -0.277944387E+00  0.122417437E+01  0.776798448E-08
  0.474000000E+01 -0.126839233E+01 -0.290769617E+00  0.122417437E+01  0.783437737E-08
  0.475000000E+01 -0.123912119E+01 -0.303308183E+00  0.122417437E+01  0.789507015E-08
  0.476000000E+01 -0.120866756E+01 -0.315548098E+00  0.122417437E+01  0.794957122E-08
  0.477000000E+01 -0.117706502E+01 -0.327477704E+00  0.122417437E+01  0.799749156E-08
  0.478000000E+01 -0.114434804E+01 -0.339085684E+00  0.122417437E+01  0.803855160E-08
  0.479000000E+01 -0.111055193E+01 -0.350361068E+00  0.122417437E+01  0.807257949E-08
  0.480000000E+01 -0.107571280E+01 -0.361293245E+00  0.122417437E+01  0.809951617E-08
  0.481000000E+01 -0.103986746E+01 -0.371871970E+00  0.122417437E+01  0.811940470E-08
  0.482000000E+01 -0.100305338E+01 -0.382087365E+00  0.122417437E+01  0.813239875E-08
  0.483000000E+01 -0.965308617E+00 -0.391929935E+00  0.122417437E+01  0.813874945E-08
  0.484000000E+01 -0.926671786E+00 -0.401390564E+00  0.122417437E+01  0.813880230E-08
  0.485000000E+01 -0.887181972E+00 -0.410460527E+00  0.122417437E+01  0.813298984E-08
  0.486000000E+01 -0.846878700E+00 -0.419131492E+00  0.122417437E+01  0.812182055E-08
  0.487000000E+01 -0.805801881E+00 -0.427395522E+00  0.122417437E+01  0.810587553E-08
  0.488000000E+01 -0.763991769E+00 -0.435245085E+00  0.122417437E+01  0.808578982E-08
  0.489000000E+01 -0.721488916E+00 -0.442673048E+00  0.122417437E+01  0.806225131E-08
  0.490000000E+01 -0.678334137E+00 -0.449672690E+00  0.122417437E+01  0.803597899E-08
  0.491000000E+01 -0.634568474E+00 -0.456237695E+00  0.122417437E+01  0.800772315E-08
  0.492000000E+01 -0.590233162E+00 -0.462362160E+00  0.122417437E+01  0.797824451E-08
  0.493000000E+01 -0.545369603E+00 -0.468040597E+00  0.122417437E+01  0.794830735E-08
  0.494000000E+01 -0.500019335E+00 -0.473267930E+00  0.122417437E+01  0.791866817E-08
  0.495000000E+01 -0.454224017E+00 -0.478039500E+00  0.122417437E+01  0.789006283E-08
  0.496000000E+01 -0.408025401E+00 -0.482351066E+00  0.122417437E+01  0.786320142E-08
  0.497000000E+01 -0.361465317E+00 -0.486198803E+00  0.122417437E+01  0.783875120E-08
  0.498000000E+01 -0.314585660E+00 -0.489579307E+00  0.122417437E+01  0.781733411E-08
  0.499000000E+01 -0.267428375E+00 -0.492489591E+00  0.122417437E+01  0.779951637E-08
  0.500000000E+01 -0.220035446E+00 -0.494927089E+00  0.122417437E+01  0.778580111E-08
  0.501000000E+01 -0.172448887E+00 -0.496889654E+00  0.122417437E+01  0.777661868E-08
  0.502000000E+01 -0.124710734E+00 -0.498375561E+00  0.122417437E+01  0.777232856E-08
  0.503000000E+01 -0.768630420E-01 -0.499383504E+00  0.122417437E+01  0.777320808E-08
  0.504000000E+01 -0.289478737E-01 -0.499912597E+00  0.122417437E+01  0.777945308E-08
  0.505000000E+01  0.189926998E-01 -0.499962377E+00  0.122417437E+01  0.779117437E-08
  0.506000000E+01  0.669166054E-01 -0.499532799E+00  0.122417437E+01  0.780839349E-08
  0.507000000E+01  0.114781772E+00 -0.498624240E+00  0.122417437E+01  0.783104892E-08
  0.508000000E+01  0.162546133E+00 -0.497237499E+00  0.122417437E+01  0.785899079E-08
  0.509000000E+01  0.210167632E+00 -0.495373794E+00  0.122417437E+01  0.789198618E-08
  0.510000000E+01  0.257604230E+00 -0.493034763E+00  0.122417437E+01  0.792972088E-08
  0.511000000E+01  0.304813907E+00 -0.490222466E+00  0.122417437E+01  0.797180566E-08
  0.512000000E+01  0.351754671E+00 -0.486939381E+00  0.122417437E+01  0.801777711E-08
  0.513000000E+01  0.398384570E+00 -0.483188409E+00  0.122417437E+01  0.806710831E-08
  0.514000000E+01  0.444661696E+00 -0.478972866E+00  0.122417437E+01  0.811921241E-08
  0.515000000E+01  0.490544206E+00 -0.474296490E+00  0.122417437E+01  0.817345214E-08
  0.516000000E+01  0.535990328E+00 -0.469163437E+00  0.122417437E+01  0.822914870E-08
  0.517000000E+01  0.580958384E+00 -0.463578277E+00  0.122417437E+01  0.828559088E-08
  0.518000000E+01  0.625406809E+00 -0.457546001E+00  0.122417437E+01  0.834204128E-08
  0.519000000E+01  0.669294170E+00 -0.451072011E+00  0.122417437E+01  0.839775582E-08
  0.520000000E+01  0.712579195E+00 -0.444162126E+00  0.122417437E+01  0.845198467E-08
  0.521000000E+01  0.755220800E+00 -0.436822572E+00  0.122417437E+01  0.850398818E-08
  0.522000000E+01  0.797178120E+00 -0.429059991E+00  0.122417437E+01  0.855305049E-08
  0.523000000E+01  0.838410545E+00 -0.420881426E+00  0.122417437E+01  0.859848548E-08
  0.524000000E+01  0.878877756E+00 -0.412294331E+00  0.122417437E+01  0.863965233E-08
  0.525000000E+01  0.918539767E+00 -0.403306555E+00  0.122417437E+01  0.867596239E-08
  0.526000000E+01  0.957356969E+00 -0.393926351E+00  0.122417437E+01  0.870689432E-08
  0.527000000E+01  0.995290179E+00 -0.384162363E+00  0.122417437E+01  0.873199846E-08
  0.528000000E+01  0.103230069E+01 -0.374023624E+00  0.122417437E+01  0.875090889E-08
  0.529000000E+01  0.106835031E+01 -0.363519552E+00  0.122417437E+01  0.876335093E-08
  0.530000000E+01  0.110340145E+01 -0.352659946E+00  0.122417437E+01  0.876914541E-08
  0.531000000E+01  0.113741716E+01 -0.341454975E+00  0.122417437E+01  0.876821726E-08
  0.532000000E+01  0.117036118E+01 -0.329915175E+00  0.122417437E+01  0.876059447E-08
  0.533000000E+01  0.120219802E+01 -0.318051442E+00  0.122417437E+01  0.874641692E-08
  0.534000000E+01  0.123289303E+01 -0.305875021E+00  0.122417437E+01  0.872592798E-08
  0.535000000E+01  0.126241246E+01 -0.293397500E+00  0.122417437E+01  0.869948158E-08
  0.536000000E+01  0.129072351E+01 -0.280630800E+00  0.122417437E+01  0.866753380E-08
  0.537000000E+01  0.131779442E+01 -0.267587164E+00  0.122417437E+01  0.863063754E-08
  0.538000000E+01  0.134359453E+01 -0.254279148E+00  0.122417437E+01  0.858944049E-08
  0.539000000E+01  0.136809435E+01 -0.240719608E+00  0.122417437E+01  0.854466897E-08
  0.540000000E+01  0.139126564E+01 -0.226921690E+00  0.122417437E+01  0.849712567E-08
  0.541000000E+01  0.141308143E+01 -0.212898814E+00  0.122417437E+01  0.844767101E-08
  0.542000000E+01  0.143351618E+01 -0.198664665E+00  0.122417437E+01  0.839721470E-08
  0.543000000E+01  0.145254572E+01 -0.184233175E+00  0.122417437E+01  0.834669911E-08
  0.544000000E+01  0.147014743E+01 -0.169618511E+00  0.122417437E+01  0.829708613E-08
  0.545000000E+01  0.148630023E+01 -0.154835057E+00  0.122417437E+01  0.824933655E-08
  0.546000000E+01  0.150098465E+01 -0.139897401E+00  0.122417437E+01  0.820440005E-08
  0.547000000E+01  0.151418288E+01 -0.124820318E+00  0.122417437E+01  0.816319523E-08
  0.548000000E+01  0.152587887E+01 -0.109618751E+00  0.122417437E+01  0.812659628E-08
  0.549000000E+01  0.153605828E+01 -0.943077964E-01  0.122417437E+01  0.809541478E-08
  0.550000000E+01  0.154470861E+01 -0.789026831E-01  0.122417437E+01  0.807038791E-08
  0.551000000E+01  0.155181920E+01 -0.634187571E-01  0.122417437E+01  0.805216249E-08
  0.552000000E+01  0.155738125E+01 -0.478714613E-01  0.122417437E+01  0.804128741E-08
  0.553000000E+01  0.156138786E+01 -0.322763174E-01  0.122417437E+01  0.803819944E-08
  0.554000000E+01  0.156383405E+01 -0.166489060E-01  0.122417437E+01  0.804321787E-08
  0.555000000E+01  0.156471680E+01 -0.100484828E-02  0.122417437E+01  0.805653722E-08
  0.556000000E+01  0.156403498E+01  0.146402142E-01  0.122417437E+01  0.807822298E-08
  0.557000000E+01  0.156178946E+01  0.302706385E-01  0.122417437E+01  0.810821432E-08
  0.558000000E+01  0.155798303E+01  0.458708000E-01  0.122417437E+01  0.814631984E-08
  0.559000000E+01  0.155262042E+01  0.614251114E-01  0.122417437E+01  0.819222268E-08
  0.560000000E+01  0.154570827E+01  0.769180427E-01  0.122417437E+01  0.824548674E-08
  0.561000000E+01  0.153725514E+01  0.923341398E-01  0.122417437E+01  0.830556646E-08
  0.562000000E+01  0.152727146E+01  0.107658043E+00  0.122417437E+01  0.837181191E-08
  0.563000000E+01  0.151576950E+01  0.122874508E+00  0.122417437E+01  0.844348080E-08
  0.564000000E+01  0.150276334E+01  0.137968419E+00  0.122417437E+01  0.851975668E-08
  0.565000000E+01  0.148826885E+01  0.152924813E+00  0.122417437E+01  0.859975779E-08
  0.566000000E+01  0.147230359E+01  0.167728893E+00  0.122417437E+01  0.868255357E-08
  0.567000000E+01  0.145488683E+01  0.182366046E+00  0.122417437E+01  0.876718254E-08
  0.568000000E+01  0.143603944E+01  0.196821860E+00  0.122417437E+01  0.885266416E-08
  0.569000000E+01  0.141578386E+01  0.211082140E+00  0.122417437E+01  0.893802121E-08
  0.570000000E+01  0.139414404E+01  0.225132923E+00  0.122417437E+01  0.902228980E-08
  0.571000000E+01  0.137114537E+01  0.238960491E+00  0.122417437E+01  0.910453912E-08
  0.572000000E+01  0.134681463E+01  0.252551389E+00  0.122417437E+01  0.918388166E-08
  0.573000000E+01  0.132117990E+01  0.265892437E+00  0.122417437E+01  0.925949206E-08
  0.574000000E+01  0.129427052E+01  0.278970738E+00  0.122417437E+01  0.933061406E-08
  0.575000000E+01  0.126611700E+01  0.291773700E+00  0.122417437E+01  0.939657552E-08
  0.576000000E+01  0.123675095E+01  0.304289036E+00  0.122417437E+01  0.945679401E-08
  0.577000000E+01  0.120620506E+01  0.316504786E+00  0.122417437E+01  0.951078616E-08
  0.578000000E+01  0.117451295E+01  0.328409316E+00  0.122417437E+01  0.955817203E-08
  0.579000000E+01  0.114170917E+01  0.339991339E+00  0.122417437E+01  0.959868096E-08
  0.580000000E+01  0.110782909E+01  0.351239912E+00  0.122417437E+01  0.963214775E-08
  0.581000000E+01  0.107290889E+01  0.362144453E+00  0.122417437E+01  0.965852243E-08
  0.582000000E+01  0.103698541E+01  0.372694745E+00  0.122417437E+01  0.967785763E-08
  0.583000000E+01  0.100009619E+01  0.382880942E+00  0.122417437E+01  0.969031611E-08
  0.584000000E+01  0.962279339E+00  0.392693577E+00  0.122417437E+01  0.969615344E-08
  0.585000000E+01  0.923573491E+00  0.402123565E+00  0.122417437E+01  0.969572422E-08
  0.586000000E+01  0.884017777E+00  0.411162213E+00  0.122417437E+01  0.968946745E-08
  0.587000000E+01  0.843651755E+00  0.419801220E+00  0.122417437E+01  0.967789804E-08
  0.588000000E+01  0.802515362E+00  0.428032680E+00  0.122417437E+01  0.966160130E-08
  0.589000000E+01  0.760648879E+00  0.435849093E+00  0.122417437E+01  0.964121627E-08
  0.590000000E+01  0.718092880E+00  0.443243360E+00  0.122417437E+01  0.961743440E-08
  0.591000000E+01  0.674888200E+00  0.450208788E+00  0.122417437E+01  0.959097757E-08
  0.592000000E+01  0.631075895E+00  0.456739098E+00  0.122417437E+01  0.956259738E-08
  0.593000000E+01  0.586697217E+00  0.462828418E+00  0.122417437E+01  0.953305435E-08
  0.594000000E+01  0.541793577E+00  0.468471292E+00  0.122417437E+01  0.950311296E-08
  0.595000000E+01  0.496406526E+00  0.473662678E+00  0.122417437E+01  0.947352929E-08
  0.596000000E+01  0.450577729E+00  0.478397950E+00  0.122417437E+01  0.944503720E-08
  0.597000000E+01  0.404348946E+00  0.482672900E+00  0.122417437E+01  0.941834233E-08
  0.598000000E+01  0.357762013E+00  0.486483735E+00  0.122417437E+01  0.939411060E-08
  0.599000000E+01  0.310858828E+00  0.489827086E+00  0.122417437E+01  0.937295885E-08
  0.600000000E+01  0.263681341E+00  0.492699998E+00  0.122417437E+01  0.935544930E-08
  0.601000000E+01  0.216271537E+00  0.495099938E+00  0.122417437E+01  0.934207756E-08
  0.602000000E+01  0.168671433E+00  0.497024794E+00  0.122417437E+01  0.933327104E-08
  0.603000000E+01  0.120923067E+00  0.498472872E+00  0.122417437E+01  0.932938216E-08
  0.604000000E+01  0.730684936E-01  0.499442901E+00  0.122417437E+01  0.933068067E-08
  0.605000000E+01  0.251497777E-01  0.499934029E+00  0.122417437E+01  0.933735711E-08
  0.606000000E+01 -0.227910098E-01  0.499945823E+00  0.122417437E+01  0.934951361E-08
  0.607000000E+01 -0.707117959E-01  0.499478275E+00  0.122417437E+01  0.936716638E-08
  0.608000000E+01 -0.118570509E+00  0.498531794E+00  0.122417437E+01  0.939024791E-08
  0.609000000E+01 -0.166325085E+00  0.497107212E+00  0.122417437E+01  0.941859968E-08
  0.610000000E+01 -0.213933468E+00  0.495205780E+00  0.122417437E+01  0.945198275E-08
  0.611000000E+01 -0.261353618E+00  0.492829170E+00  0.122417437E+01  0.949007761E-08
  0.612000000E+01 -0.308543520E+00  0.489979475E+00  0.122417437E+01  0.953248769E-08
  0.613000000E+01 -0.355461183E+00  0.486659207E+00  0.122417437E+01  0.957874580E-08
  0.614000000E+01 -0.402064658E+00  0.482871299E+00  0.122417437E+01  0.962831925E-08
  0.615000000E+01 -0.448312044E+00  0.478619101E+00  0.122417437E+01  0.968061675E-08
  0.616000000E+01 -0.494161499E+00  0.473906384E+00  0.122417437E+01  0.973499725E-08
  0.617000000E+01 -0.539571262E+00  0.468737337E+00  0.122417437E+01  0.979077930E-08
  0.618000000E+01 -0.584499661E+00  0.463116564E+00  0.122417437E+01  0.984724835E-08
  0.619000000E+01 -0.628905140E+00  0.457049087E+00  0.122417437E+01  0.990366900E-08
  0.620000000E+01 -0.672746280E+00  0.450540342E+00  0.122417437E+01  0.995929139E-08
  0.621000000E+01 -0.715981821E+00  0.443596180E+00  0.122417437E+01  0.100133704E-07
  0.622000000E+01 -0.758570695E+00  0.436222861E+00  0.122417437E+01  0.100651674E-07
  0.623000000E+01 -0.800472058E+00  0.428427058E+00  0.122417437E+01  0.101139672E-07
  0.624000000E+01 -0.841645319E+00  0.420215847E+00  0.122417437E+01  0.101590869E-07
  0.625000000E+01 -0.882050185E+00  0.411596713E+00  0.122417437E+01  0.101998889E-07
  0.626000000E+01 -0.921646699E+00  0.402577538E+00  0.122417437E+01  0.102357913E-07
  0.627000000E+01 -0.960395284E+00  0.393166605E+00  0.122417437E+01  0.102662765E-07
  0.628000000E+01 -0.998256791E+00  0.383372590E+00  0.122417437E+01  0.102909017E-07
  0.629000000E+01 -0.103519255E+01  0.373204556E+00  0.122417437E+01  0.103093087E-07
  0.630000000E+01 -0.107116442E+01  0.362671952E+00  0.122417437E+01  0.103212292E-07
  0.631000000E+01 -0.110613487E+01  0.351784605E+00  0.122417437E+01  0.103264925E-07
  0.632000000E+01 -0.114006697E+01  0.340552716E+00  0.122417437E+01  0.103250315E-07
  0.633000000E+01 -0.117292455E+01  0.328986848E+00  0.122417437E+01  0.103168829E-07
  0.634000000E+01 -0.120467217E+01  0.317097925E+00  0.122417437E+01  0.103021944E-07
  0.635000000E+01 -0.123527526E+01  0.304897220E+00  0.122417437E+01  0.102812194E-07
  0.636000000E+01 -0.126470013E+01  0.292396347E+00  0.122417437E+01  0.102543201E-07
  0.637000000E+01 -0.129291406E+01  0.279607254E+00  0.122417437E+01  0.102219577E-07
  0.638000000E+01 -0.131988539E+01  0.266542208E+00  0.122417437E+01  0.101846958E-07
  0.639000000E+01 -0.134558353E+01  0.253213791E+00  0.122417437E+01  0.101431878E-07
  0.640000000E+01 -0.136997910E+01  0.239634880E+00  0.122417437E+01  0.100981672E-07
  0.641000000E+01 -0.139304395E+01  0.225818645E+00  0.122417437E+01  0.100504391E-07
  0.642000000E+01 -0.141475124E+01  0.211778527E+00  0.122417437E+01  0.100008728E-07
  0.643000000E+01 -0.143507551E+01  0.197528230E+00  0.122417437E+01  0.995037652E-08
  0.644000000E+01 -0.145399273E+01  0.183081707E+00  0.122417437E+01  0.989989846E-08
  0.645000000E+01 -0.147148038E+01  0.168453141E+00  0.122417437E+01  0.985039672E-08
  0.646000000E+01 -0.148751752E+01  0.153656935E+00  0.122417437E+01  0.980283521E-08
  0.647000000E+01 -0.150208481E+01  0.138707691E+00  0.122417437E+01  0.975816206E-08
  0.648000000E+01 -0.151516459E+01  0.123620197E+00  0.122417437E+01  0.971729164E-08
  0.649000000E+01 -0.152674091E+01  0.108409411E+00  0.122417437E+01  0.968109304E-08
  0.650000000E+01 -0.153679960E+01  0.930904385E-01  0.122417437E+01  0.965037361E-08
  0.651000000E+01 -0.154532830E+01  0.776785195E-01  0.122417437E+01  0.962586233E-08
  0.652000000E+01 -0.155231649E+01  0.621890080E-01  0.122417437E+01  0.960820201E-08
  0.653000000E+01 -0.155775552E+01  0.466373541E-01  0.122417437E+01  0.959792867E-08
  0.654000000E+01 -0.156163865E+01  0.310390845E-01  0.122417437E+01  0.959547286E-08
  0.655000000E+01 -0.156396105E+01  0.154097840E-01  0.122417437E+01  0.960114321E-08
  0.656000000E+01 -0.156471984E+01 -0.234924045E-03  0.122417437E+01  0.961512403E-08
  0.657000000E+01 -0.156391408E+01 -0.158793972E-01  0.122417437E+01  0.963747304E-08
  0.658000000E+01 -0.156154476E+01 -0.315079933E-01  0.122417437E+01  0.966811520E-08
  0.659000000E+01 -0.155761483E+01 -0.471050898E-01  0.122417437E+01  0.970685154E-08
  0.660000000E+01 -0.155212917E+01 -0.626551036E-01  0.122417437E+01  0.975335634E-08
  0.661000000E+01 -0.154509459E+01 -0.781425097E-01  0.122417437E+01  0.980718196E-08
  0.662000000E+01 -0.153651978E+01 -0.935518608E-01  0.122417437E+01  0.986777526E-08
  0.663000000E+01 -0.152641533E+01 -0.108867806E+00  0.122417437E+01  0.993447768E-08
  0.664000000E+01 -0.151479365E+01 -0.124075110E+00  0.122417437E+01  0.100065438E-07
  0.665000000E+01 -0.150166897E+01 -0.139158669E+00  0.122417437E+01  0.100831474E-07
  0.666000000E+01 -0.148705728E+01 -0.154103532E+00  0.122417437E+01  0.101634037E-07
  0.667000000E+01 -0.147097629E+01 -0.168894916E+00  0.122417437E+01  0.102463802E-07
  0.668000000E+01 -0.145344540E+01 -0.183518224E+00  0.122417437E+01  0.103311122E-07
  0.669000000E+01 -0.143448559E+01 -0.197959061E+00  0.122417437E+01  0.104166205E-07
  0.670000000E+01 -0.141411944E+01 -0.212203248E+00  0.122417437E+01  0.105019260E-07
  0.671000000E+01 -0.139237101E+01 -0.226236841E+00  0.122417437E+01  0.105860680E-07
  0.672000000E+01 -0.136926580E+01 -0.240046145E+00  0.122417437E+01  0.106681179E-07
  0.673000000E+01 -0.134483070E+01 -0.253617724E+00  0.122417437E+01  0.107471942E-07
  0.674000000E+01 -0.131909389E+01 -0.266938420E+00  0.122417437E+01  0.108224756E-07
  0.675000000E+01 -0.129208481E+01 -0.279995361E+00  0.122417437E+01  0.108932126E-07
  0.676000000E+01 -0.126383405E+01 -0.292775977E+00  0.122417437E+01  0.109587386E-07
  0.677000000E+01 -0.123437332E+01 -0.305268008E+00  0.122417437E+01  0.110184799E-07
  0.678000000E+01 -0.120373537E+01 -0.317459519E+00  0.122417437E+01  0.110719616E-07
  0.679000000E+01 -0.117195390E+01 -0.329338903E+00  0.122417437E+01  0.111188108E-07
  0.680000000E+01 -0.113906354E+01 -0.340894900E+00  0.122417437E+01  0.111587646E-07
  0.681000000E+01 -0.110509973E+01 -0.352116596E+00  0.122417437E+01  0.111916716E-07
  0.682000000E+01 -0.107009867E+01 -0.362993437E+00  0.122417437E+01  0.112174847E-07
  0.683000000E+01 -0.103409730E+01 -0.373515235E+00  0.122417437E+01  0.112362686E-07
  0.684000000E+01 -0.997133189E+00 -0.383672174E+00  0.122417437E+01  0.112481910E-07
  0.685000000E+01 -0.959244480E+00 -0.393454816E+00  0.122417437E+01  0.112535186E-07
  0.686000000E+01 -0.920469861E+00 -0.402854110E+00  0.122417437E+01  0.112526113E-07
  0.687000000E+01 -0.880848496E+00 -0.411861391E+00  0.122417437E+01  0.112459133E-07
  0.688000000E+01 -0.840419973E+00 -0.420468389E+00  0.122417437E+01  0.112339475E-07
  0.689000000E+01 -0.799224260E+00 -0.428667233E+00  0.122417437E+01  0.112173018E-07
  0.690000000E+01 -0.757301661E+00 -0.436450451E+00  0.122417437E+01  0.111966225E-07
  0.691000000E+01 -0.714692773E+00 -0.443810978E+00  0.122417437E+01  0.111726017E-07
  0.692000000E+01 -0.671438448E+00 -0.450742155E+00  0.122417437E+01  0.111459648E-07
  0.693000000E+01 -0.627579761E+00 -0.457237733E+00  0.122417437E+01  0.111174652E-07
  0.694000000E+01 -0.583157976E+00 -0.463291873E+00  0.122417437E+01  0.110878622E-07
  0.695000000E+01 -0.538214517E+00 -0.468899153E+00  0.122417437E+01  0.110579219E-07
  0.696000000E+01 -0.492790944E+00 -0.474054563E+00  0.122417437E+01  0.110283982E-07
  0.697000000E+01 -0.446928931E+00 -0.478753511E+00  0.122417437E+01  0.110000227E-07
  0.698000000E+01 -0.400670243E+00 -0.482991819E+00  0.122417437E+01  0.109734997E-07
  0.699000000E+01 -0.354056723E+00 -0.486765733E+00  0.122417437E+01  0.109494898E-07
  0.700000000E+01 -0.307130274E+00 -0.490071911E+00  0.122417437E+01  0.109286074E-07
  0.701000000E+01 -0.259932847E+00 -0.492907435E+00  0.122417437E+01  0.109114082E-07
  0.702000000E+01 -0.212506432E+00 -0.495269804E+00  0.122417437E+01  0.108983831E-07
  0.703000000E+01 -0.164893047E+00 -0.497156940E+00  0.122417437E+01  0.108899545E-07
  0.704000000E+01 -0.117134732E+00 -0.498567182E+00  0.122417437E+01  0.108864671E-07
  0.705000000E+01 -0.692735424E-01 -0.499499292E+00  0.122417437E+01  0.108881866E-07
  0.706000000E+01 -0.213515431E-01 -0.499952450E+00  0.122417437E+01  0.108952949E-07
  0.707000000E+01  0.265891944E-01 -0.499926260E+00  0.122417437E+01  0.109078873E-07
  0.708000000E+01  0.745065968E-01 -0.499420744E+00  0.122417437E+01  0.109259748E-07
  0.709000000E+01  0.122358593E+00 -0.498436346E+00  0.122417437E+01  0.109494793E-07
  0.710000000E+01  0.170103120E+00 -0.496973931E+00  0.122417437E+01  0.109782403E-07
  0.711000000E+01  0.217698121E+00 -0.495034782E+00  0.122417437E+01  0.110120093E-07
  0.712000000E+01  0.265101561E+00 -0.492620607E+00  0.122417437E+01  0.110504612E-07
  0.713000000E+01  0.312271423E+00 -0.489733530E+00  0.122417437E+01  0.110931950E-07
  0.714000000E+01  0.359165722E+00 -0.486376097E+00  0.122417437E+01  0.111397358E-07
  0.715000000E+01  0.405742511E+00 -0.482551274E+00  0.122417437E+01  0.111895460E-07
  0.716000000E+01  0.451959893E+00 -0.478262445E+00  0.122417437E+01  0.112420324E-07
  0.717000000E+01  0.497776033E+00 -0.473513413E+00  0.122417437E+01  0.112965493E-07
  0.718000000E+01  0.543149174E+00 -0.468308401E+00  0.122417437E+01  0.113524128E-07
  0.719000000E+01  0.588037655E+00 -0.462652045E+00  0.122417437E+01  0.114089054E-07
  0.720000000E+01  0.632399929E+00 -0.456549402E+00  0.122417437E+01  0.114652896E-07
  0.721000000E+01  0.676194588E+00 -0.450005939E+00  0.122417437E+01  0.115208176E-07
  0.722000000E+01  0.719380387E+00 -0.443027540E+00  0.122417437E+01  0.115747421E-07
  0.723000000E+01  0.761916274E+00 -0.435620498E+00  0.122417437E+01  0.116263275E-07
  0.724000000E+01  0.803761424E+00 -0.427791517E+00  0.122417437E+01  0.116748593E-07
  0.725000000E+01  0.844875269E+00 -0.419547707E+00  0.122417437E+01  0.117196601E-07
  0.726000000E+01  0.885217540E+00 -0.410896583E+00  0.122417437E+01  0.117600953E-07
  0.727000000E+01  0.924748308E+00 -0.401846061E+00  0.122417437E+01  0.117955856E-07
  0.728000000E+01  0.963428029E+00 -0.392404454E+00  0.122417437E+01  0.118256218E-07
  0.729000000E+01  0.100121759E+01 -0.382580468E+00  0.122417437E+01  0.118497674E-07
  0.730000000E+01  0.103807836E+01 -0.372383199E+00  0.122417437E+01  0.118676686E-07
  0.731000000E+01  0.107397225E+01 -0.361822124E+00  0.122417437E+01  0.118790655E-07
  0.732000000E+01  0.110886176E+01 -0.350907102E+00  0.122417437E+01  0.118837977E-07
  0.733000000E+01  0.114271004E+01 -0.339648360E+00  0.122417437E+01  0.118818031E-07
  0.734000000E+01  0.117548095E+01 -0.328056492E+00  0.122417437E+01  0.118731305E-07
  0.735000000E+01  0.120713914E+01 -0.316142450E+00  0.122417437E+01  0.118579333E-07
  0.736000000E+01  0.123765009E+01 -0.303917534E+00  0.122417437E+01  0.118364745E-07
  0.737000000E+01  0.126698020E+01 -0.291393385E+00  0.122417437E+01  0.118091235E-07
  0.738000000E+01  0.129509681E+01 -0.278581975E+00  0.122417437E+01  0.117763517E-07
  0.739000000E+01  0.132196836E+01 -0.265495599E+00  0.122417437E+01  0.117387295E-07
  0.740000000E+01  0.134756435E+01 -0.252146860E+00  0.122417437E+01  0.116969141E-07
  0.741000000E+01  0.137185550E+01 -0.238548662E+00  0.122417437E+01  0.116516483E-07
  0.742000000E+01  0.139481375E+01 -0.224714194E+00  0.122417437E+01  0.116037437E-07
  0.743000000E+01  0.141641236E+01 -0.210656919E+00  0.122417437E+01  0.115540679E-07
  0.744000000E+01  0.143662600E+01 -0.196390563E+00  0.122417437E+01  0.115035395E-07
  0.745000000E+01  0.145543075E+01 -0.181929096E+00  0.122417437E+01  0.114531031E-07
  0.746000000E+01  0.147280423E+01 -0.167286720E+00  0.122417437E+01  0.114037206E-07
  0.747000000E+01  0.148872559E+01 -0.152477852E+00  0.122417437E+01  0.113563541E-07
  0.748000000E+01  0.150317564E+01 -0.137517113E+00  0.122417437E+01  0.113119480E-07
  0.749000000E+01  0.151613685E+01 -0.122419303E+00  0.122417437E+01  0.112714171E-07
  0.750000000E+01  0.152759342E+01 -0.107199392E+00  0.122417437E+01  0.112356242E-07
  0.751000000E+01  0.153753131E+01 -0.918724971E-01  0.122417437E+01  0.112053704E-07
  0.752000000E+01  0.154593831E+01 -0.764538687E-01  0.122417437E+01  0.111813805E-07
  0.753000000E+01  0.155280405E+01 -0.609588688E-01  0.122417437E+01  0.111642862E-07
  0.754000000E+01  0.155812002E+01 -0.454029541E-01  0.122417437E+01  0.111546188E-07
  0.755000000E+01  0.156187964E+01 -0.298016567E-01  0.122417437E+01  0.111527976E-07
  0.756000000E+01  0.156407823E+01 -0.141705652E-01  0.122417437E+01  0.111591203E-07
  0.757000000E+01  0.156471307E+01  0.147469493E-02  0.122417437E+01  0.111737648E-07
  0.758000000E+01  0.156378336E+01  0.171184805E-01  0.122417437E+01  0.111967746E-07
  0.759000000E+01  0.156129025E+01  0.327451503E-01  0.122417437E+01  0.112280678E-07
  0.760000000E+01  0.155723685E+01  0.483390841E-01  0.122417437E+01  0.112674328E-07
  0.761000000E+01  0.155162820E+01  0.638847027E-01  0.122417437E+01  0.113145349E-07
  0.762000000E+01  0.154447124E+01  0.793664866E-01  0.122417437E+01  0.113689187E-07
  0.763000000E+01  0.153577482E+01  0.947689955E-01  0.122417437E+01  0.114300212E-07
  0.764000000E+01  0.152554968E+01  0.110076887E+00  0.122417437E+01  0.114971772E-07
  0.765000000E+01  0.151380837E+01  0.125274935E+00  0.122417437E+01  0.115696337E-07
  0.766000000E+01  0.150056526E+01  0.140348048E+00  0.122417437E+01  0.116465602E-07
  0.767000000E+01  0.148583649E+01  0.155281287E+00  0.122417437E+01  0.117270669E-07
  0.768000000E+01  0.146963989E+01  0.170059884E+00  0.122417437E+01  0.118102172E-07
  0.769000000E+01  0.145199499E+01  0.184669257E+00  0.122417437E+01  0.118950476E-07
  0.770000000E+01  0.143292291E+01  0.199095027E+00  0.122417437E+01  0.119805741E-07
  0.771000000E+01  0.141244634E+01  0.213323033E+00  0.122417437E+01  0.120658221E-07
  0.772000000E+01  0.139058946E+01  0.227339352E+00  0.122417437E+01  0.121498320E-07
  0.773000000E+01  0.136737789E+01  0.241130307E+00  0.122417437E+01  0.122316781E-07
  0.774000000E+01  0.134283860E+01  0.254682484E+00  0.122417437E+01  0.123104833E-07
  0.775000000E+01  0.131699990E+01  0.267982747E+00  0.122417437E+01  0.123854302E-07
  0.776000000E+01  0.128989130E+01  0.281018248E+00  0.122417437E+01  0.124557777E-07
  0.777000000E+01  0.126154350E+01  0.293776442E+00  0.122417437E+01  0.125208657E-07
  0.778000000E+01  0.123198829E+01  0.306245093E+00  0.122417437E+01  0.125801269E-07
  0.779000000E+01  0.120125849E+01  0.318412292E+00  0.122417437E+01  0.126330946E-07
  0.780000000E+01  0.116938789E+01  0.330266460E+00  0.122417437E+01  0.126794060E-07
  0.781000000E+01  0.113641117E+01  0.341796363E+00  0.122417437E+01  0.127188060E-07
  0.782000000E+01  0.110236384E+01  0.352991115E+00  0.122417437E+01  0.127511504E-07
  0.783000000E+01  0.106728218E+01  0.363840191E+00  0.122417437E+01  0.127764026E-07
  0.784000000E+01  0.103120315E+01  0.374333434E+00  0.122417437E+01  0.127946351E-07
  0.785000000E+01  0.994164378E+00  0.384461055E+00  0.122417437E+01  0.128060245E-07
  0.786000000E+01  0.956204058E+00  0.394213649E+00  0.122417437E+01  0.128108437E-07
  0.787000000E+01  0.917360915E+00  0.403582193E+00  0.122417437E+01  0.128094597E-07
  0.788000000E+01  0.877674147E+00  0.412558055E+00  0.122417437E+01  0.128023245E-07
  0.789000000E+01  0.837183375E+00  0.421132996E+00  0.122417437E+01  0.127899655E-07
  0.790000000E+01  0.795928595E+00  0.429299176E+00  0.122417437E+01  0.127729762E-07
  0.791000000E+01  0.753950134E+00  0.437049156E+00  0.122417437E+01  0.127520063E-07
  0.792000000E+01  0.711288613E+00  0.444375902E+00  0.122417437E+01  0.127277515E-07
  0.793000000E+01  0.667984902E+00  0.451272787E+00  0.122417437E+01  0.127009401E-07
  0.794000000E+01  0.624080092E+00  0.457733596E+00  0.122417437E+01  0.126723241E-07
  0.795000000E+01  0.579615459E+00  0.463752523E+00  0.122417437E+01  0.126426665E-07
  0.796000000E+01  0.534632442E+00  0.469324177E+00  0.122417437E+01  0.126127326E-07
  0.797000000E+01  0.489172609E+00  0.474443582E+00  0.122417437E+01  0.125832724E-07
  0.798000000E+01  0.443277641E+00  0.479106179E+00  0.122417437E+01  0.125550190E-07
  0.799000000E+01  0.396989312E+00  0.483307824E+00  0.122417437E+01  0.125286721E-07
  0.800000000E+01  0.350349469E+00  0.487044793E+00  0.122417437E+01  0.125048880E-07
  0.801000000E+01  0.303400018E+00  0.490313781E+00  0.122417437E+01  0.124842778E-07
  0.802000000E+01  0.256182916E+00  0.493111901E+00  0.122417437E+01  0.124673929E-07
  0.803000000E+01  0.208740154E+00  0.495436687E+00  0.122417437E+01  0.124547177E-07
  0.804000000E+01  0.161113752E+00  0.497286092E+00  0.122417437E+01  0.124466693E-07
  0.805000000E+01  0.113345752E+00  0.498658490E+00  0.122417437E+01  0.124435855E-07
  0.806000000E+01  0.654782094E-01  0.499552675E+00  0.122417437E+01  0.124457258E-07
  0.807000000E+01  0.175531907E-01  0.499967863E+00  0.122417437E+01  0.124532666E-07
  0.808000000E+01 -0.303872325E-01  0.499903688E+00  0.122417437E+01  0.124662956E-07
  0.809000000E+01 -0.783009873E-01  0.499360207E+00  0.122417437E+01  0.124848154E-07
  0.810000000E+01 -0.126146003E+00  0.498337897E+00  0.122417437E+01  0.125087438E-07
  0.811000000E+01 -0.173880216E+00  0.496837656E+00  0.122417437E+01  0.125379105E-07
  0.812000000E+01 -0.221461573E+00  0.494860802E+00  0.122417437E+01  0.125720645E-07
  0.813000000E+01 -0.268848038E+00  0.492409074E+00  0.122417437E+01  0.126108721E-07
  0.814000000E+01 -0.315997597E+00  0.489484631E+00  0.122417437E+01  0.126539250E-07
  0.815000000E+01 -0.362868268E+00  0.486090052E+00  0.122417437E+01  0.127007451E-07
  0.816000000E+01 -0.409418108E+00  0.482228336E+00  0.122417437E+01  0.127507904E-07
  0.817000000E+01 -0.455605223E+00  0.477902899E+00  0.122417437E+01  0.128034614E-07
  0.818000000E+01 -0.501387785E+00  0.473117580E+00  0.122417437E+01  0.128581104E-07
  0.819000000E+01 -0.546724043E+00  0.467876631E+00  0.122417437E+01  0.129140503E-07
  0.820000000E+01 -0.591572345E+00  0.462184725E+00  0.122417437E+01  0.129705611E-07
  0.821000000E+01 -0.635891154E+00  0.456046949E+00  0.122417437E+01  0.130269042E-07
  0.822000000E+01 -0.679639073E+00  0.449468805E+00  0.122417437E+01  0.130823330E-07
  0.823000000E+01 -0.722774872E+00  0.442456208E+00  0.122417437E+01  0.131360991E-07
  0.824000000E+01 -0.765257517E+00  0.435015485E+00  0.122417437E+01  0.131874678E-07
  0.825000000E+01 -0.807046199E+00  0.427153371E+00  0.122417437E+01  0.132357281E-07
  0.826000000E+01 -0.848100375E+00  0.418877010E+00  0.122417437E+01  0.132802054E-07
  0.827000000E+01 -0.888379800E+00  0.410193947E+00  0.122417437E+01  0.133202689E-07
  0.828000000E+01 -0.927844574E+00  0.401112129E+00  0.122417437E+01  0.133553448E-07
  0.829000000E+01 -0.966455186E+00  0.391639902E+00  0.122417437E+01  0.133849292E-07
  0.830000000E+01 -0.100417256E+01  0.381786003E+00  0.122417437E+01  0.134085911E-07
  0.831000000E+01 -0.104095810E+01  0.371559558E+00  0.122417437E+01  0.134259857E-07
  0.832000000E+01 -0.107677377E+01  0.360970074E+00  0.122417437E+01  0.134368592E-07
  0.833000000E+01 -0.111158212E+01  0.350027440E+00  0.122417437E+01  0.134410594E-07
  0.834000000E+01 -0.114534634E+01  0.338741913E+00  0.122417437E+01  0.134385325E-07
  0.835000000E+01 -0.117803037E+01  0.327124114E+00  0.122417437E+01  0.134293354E-07
  0.836000000E+01 -0.120959891E+01  0.315185024E+00  0.122417437E+01  0.134136320E-07
  0.837000000E+01 -0.124001751E+01  0.302935969E+00  0.122417437E+01  0.133916911E-07
  0.838000000E+01 -0.126925264E+01  0.290388619E+00  0.122417437E+01  0.133638920E-07
  0.839000000E+01 -0.129727175E+01  0.277554970E+00  0.122417437E+01  0.133307143E-07
  0.840000000E+01 -0.132404333E+01  0.264447342E+00  0.122417437E+01  0.132927342E-07
  0.841000000E+01 -0.134953699E+01  0.251078364E+00  0.122417437E+01  0.132506175E-07
  0.842000000E+01 -0.137372353E+01  0.237460960E+00  0.122417437E+01  0.132051130E-07
  0.843000000E+01 -0.139657500E+01  0.223608344E+00  0.122417437E+01  0.131570346E-07
  0.844000000E+01 -0.141806479E+01  0.209533999E+00  0.122417437E+01  0.131072586E-07
  0.845000000E+01 -0.143816765E+01  0.195251671E+00  0.122417437E+01  0.130567013E-07
  0.846000000E+01 -0.145685980E+01  0.180775349E+00  0.122417437E+01  0.130063131E-07
  0.847000000E+01 -0.147411895E+01  0.166119253E+00  0.122417437E+01  0.129570554E-07
  0.848000000E+01 -0.148992442E+01  0.151297816E+00  0.122417437E+01  0.129098892E-07
  0.849000000E+01 -0.150425712E+01  0.136325674E+00  0.122417437E+01  0.128657591E-07
  0.850000000E+01 -0.151709967E+01  0.121217641E+00  0.122417437E+01  0.128255719E-07
  0.851000000E+01 -0.152843639E+01  0.105988700E+00  0.122417437E+01  0.127901896E-07
  0.852000000E+01 -0.153825341E+01  0.906539796E-01  0.122417437E+01  0.127604072E-07
  0.853000000E+01 -0.154653865E+01  0.752287384E-01  0.122417437E+01  0.127369417E-07
  0.854000000E+01 -0.155328188E+01  0.597283471E-01  0.122417437E+01  0.127204187E-07
  0.855000000E+01 -0.155847475E+01  0.441682692E-01  0.122417437E+01  0.127113589E-07
  0.856000000E+01 -0.156211083E+01  0.285640419E-01  0.122417437E+01  0.127101734E-07
  0.857000000E+01 -0.156418560E+01  0.129312574E-01  0.122417437E+01  0.127171511E-07
  0.858000000E+01 -0.156469647E+01 -0.271445659E-02  0.122417437E+01  0.127324571E-07
  0.859000000E+01 -0.156364282E+01 -0.183574564E-01  0.122417437E+01  0.127561286E-07
  0.860000000E+01 -0.156102595E+01 -0.339821018E-01  0.122417437E+01  0.127880699E-07
  0.861000000E+01 -0.155684912E+01 -0.495727751E-01  0.122417437E+01  0.128280624E-07
  0.862000000E+01 -0.155111750E+01 -0.651139010E-01  0.122417437E+01  0.128757596E-07
  0.863000000E+01 -0.154383822E+01 -0.805899658E-01  0.122417437E+01  0.129306983E-07
  0.864000000E+01 -0.153502027E+01 -0.959855361E-01  0.122417437E+01  0.129923055E-07
  0.865000000E+01 -0.152467451E+01 -0.111285278E+00  0.122417437E+01  0.130599103E-07
  0.866000000E+01 -0.151281366E+01 -0.126473976E+00  0.122417437E+01  0.131327516E-07
  0.867000000E+01 -0.149945223E+01 -0.141536549E+00  0.122417437E+01  0.132099942E-07
  0.868000000E+01 -0.148460648E+01 -0.156458072E+00  0.122417437E+01  0.132907454E-07
  0.869000000E+01 -0.146829440E+01 -0.171223790E+00  0.122417437E+01  0.133740647E-07
  0.870000000E+01 -0.145053563E+01 -0.185819137E+00  0.122417437E+01  0.134589855E-07
  0.871000000E+01 -0.143135142E+01 -0.200229751E+00  0.122417437E+01  0.135445255E-07
  0.872000000E+01 -0.141076458E+01 -0.214441490E+00  0.122417437E+01  0.136297100E-07
  0.873000000E+01 -0.138879941E+01 -0.228440448E+00  0.122417437E+01  0.137135814E-07
  0.874000000E+01 -0.136548164E+01 -0.242212969E+00  0.122417437E+01  0.137952183E-07
  0.875000000E+01 -0.134083835E+01 -0.255745662E+00  0.122417437E+01  0.138737462E-07
  0.876000000E+01 -0.131489793E+01 -0.269025412E+00  0.122417437E+01  0.139483554E-07
  0.877000000E+01 -0.128769001E+01 -0.282039395E+00  0.122417437E+01  0.140183087E-07
  0.878000000E+01 -0.125924537E+01 -0.294775089E+00  0.122417437E+01  0.140829544E-07
  0.879000000E+01 -0.122959588E+01 -0.307220286E+00  0.122417437E+01  0.141417327E-07
  0.880000000E+01 -0.119877445E+01 -0.319363100E+00  0.122417437E+01  0.141941847E-07
  0.881000000E+01 -0.116681494E+01 -0.331191981E+00  0.122417437E+01  0.142399565E-07
  0.882000000E+01 -0.113375209E+01 -0.342695721E+00  0.122417437E+01  0.142788010E-07
  0.883000000E+01 -0.109962147E+01 -0.353863463E+00  0.122417437E+01  0.143105834E-07
  0.884000000E+01 -0.106445942E+01 -0.364684712E+00  0.122417437E+01  0.143352756E-07
  0.885000000E+01 -0.102830297E+01 -0.375149337E+00  0.122417437E+01  0.143529582E-07
  0.886000000E+01 -0.991189782E+00 -0.385247582E+00  0.122417437E+01  0.143638159E-07
  0.887000000E+01 -0.953158094E+00 -0.394970071E+00  0.122417437E+01  0.143681289E-07
  0.888000000E+01 -0.914246673E+00 -0.404307811E+00  0.122417437E+01  0.143662722E-07
  0.889000000E+01 -0.874494751E+00 -0.413252202E+00  0.122417437E+01  0.143587029E-07
  0.890000000E+01 -0.833941980E+00 -0.421795037E+00  0.122417437E+01  0.143459538E-07
  0.891000000E+01 -0.792628386E+00 -0.429928506E+00  0.122417437E+01  0.143286252E-07
  0.892000000E+01 -0.750594319E+00 -0.437645203E+00  0.122417437E+01  0.143073695E-07
  0.893000000E+01 -0.707880421E+00 -0.444938126E+00  0.122417437E+01  0.142828840E-07
  0.894000000E+01 -0.664527582E+00 -0.451800681E+00  0.122417437E+01  0.142559027E-07
  0.895000000E+01 -0.620576907E+00 -0.458226685E+00  0.122417437E+01  0.142271763E-07
  0.896000000E+01 -0.576069689E+00 -0.464210364E+00  0.122417437E+01  0.141974688E-07
  0.897000000E+01 -0.531047374E+00 -0.469746361E+00  0.122417437E+01  0.141675456E-07
  0.898000000E+01 -0.485551542E+00 -0.474829733E+00  0.122417437E+01  0.141381546E-07
  0.899000000E+01 -0.439623882E+00 -0.479455953E+00  0.122417437E+01  0.141100278E-07
  0.900000000E+01 -0.393306174E+00 -0.483620911E+00  0.122417437E+01  0.140838596E-07
  0.901000000E+01 -0.346640271E+00 -0.487320916E+00  0.122417437E+01  0.140603058E-07
  0.902000000E+01 -0.299668083E+00 -0.490552695E+00  0.122417437E+01  0.140399721E-07
  0.903000000E+01 -0.252431569E+00 -0.493313396E+00  0.122417437E+01  0.140234029E-07
  0.904000000E+01 -0.204972723E+00 -0.495600585E+00  0.122417437E+01  0.140110799E-07
  0.905000000E+01 -0.157333568E+00 -0.497412249E+00  0.122417437E+01  0.140034138E-07
  0.906000000E+01 -0.109556147E+00 -0.498746796E+00  0.122417437E+01  0.140007361E-07
  0.907000000E+01 -0.616825155E-01 -0.499603052E+00  0.122417437E+01  0.140032994E-07
  0.908000000E+01 -0.137547415E-01 -0.499980266E+00  0.122417437E+01  0.140112719E-07
  0.909000000E+01  0.341851034E-01 -0.499878106E+00  0.122417437E+01  0.140247360E-07
  0.910000000E+01  0.820949462E-01 -0.499296663E+00  0.122417437E+01  0.140436898E-07
  0.911000000E+01  0.129932717E+00 -0.498236448E+00  0.122417437E+01  0.140680401E-07
  0.912000000E+01  0.177656352E+00 -0.496698390E+00  0.122417437E+01  0.140976133E-07
  0.913000000E+01  0.225223800E+00 -0.494683841E+00  0.122417437E+01  0.141321486E-07
  0.914000000E+01  0.272593027E+00 -0.492194574E+00  0.122417437E+01  0.141713072E-07
  0.915000000E+01  0.319722020E+00 -0.489232781E+00  0.122417437E+01  0.142146774E-07
  0.916000000E+01  0.366568800E+00 -0.485801075E+00  0.122417437E+01  0.142617740E-07
  0.917000000E+01  0.413091427E+00 -0.481902486E+00  0.122417437E+01  0.143120493E-07
  0.918000000E+01  0.459248014E+00 -0.477540466E+00  0.122417437E+01  0.143649015E-07
  0.919000000E+01  0.504996735E+00 -0.472718885E+00  0.122417437E+01  0.144196788E-07
  0.920000000E+01  0.550295850E+00 -0.467442030E+00  0.122417437E+01  0.144756900E-07
  0.921000000E+01  0.595103712E+00 -0.461714606E+00  0.122417437E+01  0.145322152E-07
  0.922000000E+01  0.639378795E+00 -0.455541732E+00  0.122417437E+01  0.145885133E-07
  0.923000000E+01  0.683079716E+00 -0.448928944E+00  0.122417437E+01  0.146438379E-07
  0.924000000E+01  0.726165258E+00 -0.441882189E+00  0.122417437E+01  0.146974393E-07
  0.925000000E+01  0.768594403E+00 -0.434407827E+00  0.122417437E+01  0.147485877E-07
  0.926000000E+01  0.810326364E+00 -0.426512625E+00  0.122417437E+01  0.147965724E-07
  0.927000000E+01  0.851320617E+00 -0.418203759E+00  0.122417437E+01  0.148407222E-07
  0.928000000E+01  0.891536946E+00 -0.409488806E+00  0.122417437E+01  0.148804111E-07
  0.929000000E+01  0.930935478E+00 -0.400375746E+00  0.122417437E+01  0.149150701E-07
  0.930000000E+01  0.969476735E+00 -0.390872954E+00  0.122417437E+01  0.149441997E-07
  0.931000000E+01  0.100712168E+01 -0.380989199E+00  0.122417437E+01  0.149673753E-07
  0.932000000E+01  0.104383176E+01 -0.370733637E+00  0.122417437E+01  0.149842609E-07
  0.933000000E+01  0.107956897E+01 -0.360115807E+00  0.122417437E+01  0.149946111E-07
  0.934000000E+01  0.111429592E+01 -0.349145625E+00  0.122417437E+01  0.149982782E-07
  0.935000000E+01  0.114797586E+01 -0.337833379E+00  0.122417437E+01  0.149952202E-07
  0.936000000E+01  0.118057278E+01 -0.326189719E+00  0.122417437E+01  0.149855000E-07
  0.937000000E+01  0.121205146E+01 -0.314225651E+00  0.122417437E+01  0.149692900E-07
  0.938000000E+01  0.124237750E+01 -0.301952532E+00  0.122417437E+01  0.149468706E-07
  0.939000000E+01  0.127151745E+01 -0.289382055E+00  0.122417437E+01  0.149186261E-07
  0.940000000E+01  0.129943885E+01 -0.276526245E+00  0.122417437E+01  0.148850454E-07
  0.941000000E+01  0.132611027E+01 -0.263397445E+00  0.122417437E+01  0.148467123E-07
  0.942000000E+01  0.135150141E+01 -0.250008307E+00  0.122417437E+01  0.148042998E-07
  0.943000000E+01  0.137558317E+01 -0.236371782E+00  0.122417437E+01  0.147585588E-07
  0.944000000E+01  0.139832771E+01 -0.222501102E+00  0.122417437E+01  0.147103145E-07
  0.945000000E+01  0.141970851E+01 -0.208409774E+00  0.122417437E+01  0.146604420E-07
  0.946000000E+01  0.143970045E+01 -0.194111561E+00  0.122417437E+01  0.146098644E-07
  0.947000000E+01  0.145827984E+01 -0.179620474E+00  0.122417437E+01  0.145595296E-07
  0.948000000E+01  0.147542455E+01 -0.164950747E+00  0.122417437E+01  0.145104027E-07
  0.949000000E+01  0.149111400E+01 -0.150116834E+00  0.122417437E+01  0.144634429E-07
  0.950000000E+01  0.150532925E+01 -0.135133382E+00  0.122417437E+01  0.144195920E-07
  0.951000000E+01  0.151805303E+01 -0.120015221E+00  0.122417437E+01  0.143797556E-07
  0.952000000E+01  0.152926983E+01 -0.104777345E+00  0.122417437E+01  0.143447882E-07
  0.953000000E+01  0.153896590E+01 -0.894348938E-01  0.122417437E+01  0.143154812E-07
  0.954000000E+01  0.154712930E+01 -0.740031362E-01  0.122417437E+01  0.142925449E-07
  0.955000000E+01  0.155374997E+01 -0.584974507E-01  0.122417437E+01  0.142765948E-07
  0.956000000E+01  0.155881971E+01 -0.429333070E-01  0.122417437E+01  0.142681456E-07
  0.957000000E+01  0.156233222E+01 -0.273262478E-01  0.122417437E+01  0.142675980E-07
  0.958000000E+01  0.156428314E+01 -0.116918685E-01  0.122417437E+01  0.142752312E-07
  0.959000000E+01  0.156467005E+01  0.395420124E-02  0.122417437E+01  0.142912009E-07
  0.960000000E+01  0.156349247E+01  0.195963171E-01  0.122417437E+01  0.143155328E-07
  0.961000000E+01  0.156075185E+01  0.352188400E-01  0.122417437E+01  0.143481222E-07
  0.962000000E+01  0.155645162E+01  0.508061550E-01  0.122417437E+01  0.143887382E-07
  0.963000000E+01  0.155059709E+01  0.663426909E-01  0.122417437E+01  0.144370269E-07
  0.964000000E+01  0.154319554E+01  0.818129396E-01  0.122417437E+01  0.144925165E-07
  0.965000000E+01  0.153425612E+01  0.972014751E-01  0.122417437E+01  0.145546253E-07
  0.966000000E+01  0.152378983E+01  0.112492972E+00  0.122417437E+01  0.146226726E-07
  0.967000000E+01  0.151180953E+01  0.127672224E+00  0.122417437E+01  0.146958945E-07
  0.968000000E+01  0.149832988E+01  0.142724164E+00  0.122417437E+01  0.147734494E-07
  0.969000000E+01  0.148336727E+01  0.157633878E+00  0.122417437E+01  0.148544383E-07
  0.970000000E+01  0.146693982E+01  0.172386626E+00  0.122417437E+01  0.149379211E-07
  0.971000000E+01  0.144906731E+01  0.186967857E+00  0.122417437E+01  0.150229260E-07
  0.972000000E+01  0.142977112E+01  0.201363227E+00  0.122417437E+01  0.151084736E-07
  0.973000000E+01  0.140907417E+01  0.215558610E+00  0.122417437E+01  0.151935891E-07
  0.974000000E+01  0.138700087E+01  0.229540122E+00  0.122417437E+01  0.152773163E-07
  0.975000000E+01  0.136357706E+01  0.243294126E+00  0.122417437E+01  0.153587374E-07
  0.976000000E+01  0.133882995E+01  0.256807252E+00  0.122417437E+01  0.154369837E-07
  0.977000000E+01  0.131278801E+01  0.270066408E+00  0.122417437E+01  0.155112496E-07
  0.978000000E+01  0.128548096E+01  0.283058794E+00  0.122417437E+01  0.155808060E-07
  0.979000000E+01  0.125693968E+01  0.295771913E+00  0.122417437E+01  0.156450057E-07
  0.980000000E+01  0.122719612E+01  0.308193580E+00  0.122417437E+01  0.157032980E-07
  0.981000000E+01  0.119628327E+01  0.320311937E+00  0.122417437E+01  0.157552322E-07
  0.982000000E+01  0.116423506E+01  0.332115461E+00  0.122417437E+01  0.158004627E-07
  0.983000000E+01  0.113108630E+01  0.343592970E+00  0.122417437E+01  0.158387525E-07
  0.984000000E+01  0.109687262E+01  0.354733637E+00  0.122417437E+01  0.158699716E-07
  0.985000000E+01  0.106163043E+01  0.365526994E+00  0.122417437E+01  0.158941049E-07
  0.986000000E+01  0.102539679E+01  0.375962940E+00  0.122417437E+01  0.159112385E-07
  0.987000000E+01  0.988209419E+00  0.386031750E+00  0.122417437E+01  0.159215656E-07
  0.988000000E+01  0.950106607E+00  0.395724077E+00  0.122417437E+01  0.159253748E-07
  0.989000000E+01  0.911127153E+00  0.405030960E+00  0.122417437E+01  0.159230480E-07
  0.990000000E+01  0.871310326E+00  0.413943829E+00  0.122417437E+01  0.159150475E-07
  0.991000000E+01  0.830695809E+00  0.422454507E+00  0.122417437E+01  0.159019140E-07
  0.992000000E+01  0.789323653E+00  0.430555219E+00  0.122417437E+01  0.158842497E-07
  0.993000000E+01  0.747234236E+00  0.438238589E+00  0.122417437E+01  0.158627111E-07
  0.994000000E+01  0.704468218E+00  0.445497648E+00  0.122417437E+01  0.158380020E-07
  0.995000000E+01  0.661066508E+00  0.452325835E+00  0.122417437E+01  0.158108542E-07
  0.996000000E+01  0.617070229E+00  0.458716997E+00  0.122417437E+01  0.157820215E-07
  0.997000000E+01  0.572520684E+00  0.464665395E+00  0.122417437E+01  0.157522706E-07
  0.998000000E+01  0.527459333E+00  0.470165704E+00  0.122417437E+01  0.157223612E-07
  0.999000000E+01  0.481927764E+00  0.475213014E+00  0.122417437E+01  0.156930451E-07
  0.100000000E+02  0.435967675E+00  0.479802831E+00  0.122417437E+01  0.156650475E-07
