 n                  x                       P
 
  0          0.00000000E+00          0.10000000E+01
  1          0.25125628E-01          0.10122751E+01
  2          0.50251256E-01          0.10244377E+01
  3          0.75376884E-01          0.10364892E+01
  4          0.10050251E+00          0.10484306E+01
  5          0.12562814E+00          0.10602633E+01
  6          0.15075377E+00          0.10719886E+01
  7          0.17587940E+00          0.10836078E+01
  8          0.20100503E+00          0.10951219E+01
  9          0.22613065E+00          0.11065325E+01
 10          0.25125628E+00          0.11178406E+01
 11          0.27638191E+00          0.11290476E+01
 12          0.30150754E+00          0.11401547E+01
 13          0.32663317E+00          0.11511631E+01
 14          0.35175879E+00          0.11620742E+01
 15          0.37688442E+00          0.11728892E+01
 16          0.40201005E+00          0.11836094E+01
 17          0.42713568E+00          0.11942360E+01
 18          0.45226131E+00          0.12047702E+01
 19          0.47738693E+00          0.12152134E+01
 20          0.50251256E+00          0.12255668E+01
 21          0.52763819E+00          0.12358316E+01
 22          0.55276382E+00          0.12460092E+01
 23          0.57788945E+00          0.12561007E+01
 24          0.60301508E+00          0.12661074E+01
 25          0.62814070E+00          0.12760307E+01
 26          0.65326633E+00          0.12858717E+01
 27          0.67839196E+00          0.12956317E+01
 28          0.70351759E+00          0.13053120E+01
 29          0.72864322E+00          0.13149139E+01
 30          0.75376884E+00          0.13244385E+01
 31          0.77889447E+00          0.13338872E+01
 32          0.80402010E+00          0.13432612E+01
 33          0.82914573E+00          0.13525618E+01
 34          0.85427136E+00          0.13617902E+01
 35          0.87939698E+00          0.13709477E+01
 36          0.90452261E+00          0.13800356E+01
 37          0.92964824E+00          0.13890551E+01
 38          0.95477387E+00          0.13980075E+01
 39          0.97989950E+00          0.14068940E+01
 40          0.10050251E+01          0.14157158E+01
 41          0.10301508E+01          0.14244744E+01
 42          0.10552764E+01          0.14331709E+01
 43          0.10804020E+01          0.14418065E+01
 44          0.11055276E+01          0.14503826E+01
 45          0.11306533E+01          0.14589003E+01
 46          0.11557789E+01          0.14673611E+01
 47          0.11809045E+01          0.14757660E+01
 48          0.12060302E+01          0.14841164E+01
 49          0.12311558E+01          0.14924136E+01
 50          0.12562814E+01          0.15006587E+01
 51          0.12814070E+01          0.15088531E+01
 52          0.13065327E+01          0.15169980E+01
 53          0.13316583E+01          0.15250947E+01
 54          0.13567839E+01          0.15331445E+01
 55          0.13819095E+01          0.15411485E+01
 56          0.14070352E+01          0.15491081E+01
 57          0.14321608E+01          0.15570244E+01
 58          0.14572864E+01          0.15648989E+01
 59          0.14824121E+01          0.15727327E+01
 60          0.15075377E+01          0.15805271E+01
 61          0.15326633E+01          0.15882834E+01
 62          0.15577889E+01          0.15960027E+01
 63          0.15829146E+01          0.16036865E+01
 64          0.16080402E+01          0.16113359E+01
 65          0.16331658E+01          0.16189521E+01
 66          0.16582915E+01          0.16265366E+01
 67          0.16834171E+01          0.16340904E+01
 68          0.17085427E+01          0.16416149E+01
 69          0.17336683E+01          0.16491114E+01
 70          0.17587940E+01          0.16565810E+01
 71          0.17839196E+01          0.16640252E+01
 72          0.18090452E+01          0.16714450E+01
 73          0.18341709E+01          0.16788418E+01
 74          0.18592965E+01          0.16862168E+01
 75          0.18844221E+01          0.16935713E+01
 76          0.19095477E+01          0.17009066E+01
 77          0.19346734E+01          0.17082239E+01
 78          0.19597990E+01          0.17155245E+01
 79          0.19849246E+01          0.17228096E+01
 80          0.20100503E+01          0.17300805E+01
 81          0.20351759E+01          0.17373384E+01
 82          0.20603015E+01          0.17445847E+01
 83          0.20854271E+01          0.17518206E+01
 84          0.21105528E+01          0.17590472E+01
 85          0.21356784E+01          0.17662660E+01
 86          0.21608040E+01          0.17734782E+01
 87          0.21859296E+01          0.17806849E+01
 88          0.22110553E+01          0.17878875E+01
 89          0.22361809E+01          0.17950873E+01
 90          0.22613065E+01          0.18022854E+01
 91          0.22864322E+01          0.18094832E+01
 92          0.23115578E+01          0.18166820E+01
 93          0.23366834E+01          0.18238828E+01
 94          0.23618090E+01          0.18310872E+01
 95          0.23869347E+01          0.18382962E+01
 96          0.24120603E+01          0.18455112E+01
 97          0.24371859E+01          0.18527334E+01
 98          0.24623116E+01          0.18599640E+01
 99          0.24874372E+01          0.18672044E+01
100          0.25125628E+01          0.18744558E+01
101          0.25376884E+01          0.18817195E+01
102          0.25628141E+01          0.18889967E+01
103          0.25879397E+01          0.18962886E+01
104          0.26130653E+01          0.19035966E+01
105          0.26381910E+01          0.19109219E+01
106          0.26633166E+01          0.19182657E+01
107          0.26884422E+01          0.19256293E+01
108          0.27135678E+01          0.19330140E+01
109          0.27386935E+01          0.19404211E+01
110          0.27638191E+01          0.19478517E+01
111          0.27889447E+01          0.19553072E+01
112          0.28140704E+01          0.19627888E+01
113          0.28391960E+01          0.19702978E+01
114          0.28643216E+01          0.19778355E+01
115          0.28894472E+01          0.19854030E+01
116          0.29145729E+01          0.19930017E+01
117          0.29396985E+01          0.20006327E+01
118          0.29648241E+01          0.20082975E+01
119          0.29899497E+01          0.20159972E+01
120          0.30150754E+01          0.20237331E+01
121          0.30402010E+01          0.20315064E+01
122          0.30653266E+01          0.20393185E+01
123          0.30904523E+01          0.20471705E+01
124          0.31155779E+01          0.20550638E+01
125          0.31407035E+01          0.20629995E+01
126          0.31658291E+01          0.20709791E+01
127          0.31909548E+01          0.20790036E+01
128          0.32160804E+01          0.20870744E+01
129          0.32412060E+01          0.20951927E+01
130          0.32663317E+01          0.21033599E+01
131          0.32914573E+01          0.21115771E+01
132          0.33165829E+01          0.21198456E+01
133          0.33417085E+01          0.21281666E+01
134          0.33668342E+01          0.21365416E+01
135          0.33919598E+01          0.21449716E+01
136          0.34170854E+01          0.21534579E+01
137          0.34422111E+01          0.21620019E+01
138          0.34673367E+01          0.21706047E+01
139          0.34924623E+01          0.21792677E+01
140          0.35175879E+01          0.21879921E+01
141          0.35427136E+01          0.21967791E+01
142          0.35678392E+01          0.22056301E+01
143          0.35929648E+01          0.22145462E+01
144          0.36180905E+01          0.22235287E+01
145          0.36432161E+01          0.22325790E+01
146          0.36683417E+01          0.22416982E+01
147          0.36934673E+01          0.22508876E+01
148          0.37185930E+01          0.22601485E+01
149          0.37437186E+01          0.22694821E+01
150          0.37688442E+01          0.22788897E+01
151          0.37939698E+01          0.22883726E+01
152          0.38190955E+01          0.22979320E+01
153          0.38442211E+01          0.23075691E+01
154          0.38693467E+01          0.23172853E+01
155          0.38944724E+01          0.23270818E+01
156          0.39195980E+01          0.23369599E+01
157          0.39447236E+01          0.23469207E+01
158          0.39698492E+01          0.23569657E+01
159          0.39949749E+01          0.23670959E+01
160          0.40201005E+01          0.23773128E+01
161          0.40452261E+01          0.23876175E+01
162          0.40703518E+01          0.23980113E+01
163          0.40954774E+01          0.24084955E+01
164          0.41206030E+01          0.24190713E+01
165          0.41457286E+01          0.24297401E+01
166          0.41708543E+01          0.24405029E+01
167          0.41959799E+01          0.24513612E+01
168          0.42211055E+01          0.24623162E+01
169          0.42462312E+01          0.24733691E+01
170          0.42713568E+01          0.24845212E+01
171          0.42964824E+01          0.24957738E+01
172          0.43216080E+01          0.25071280E+01
173          0.43467337E+01          0.25185853E+01
174          0.43718593E+01          0.25301467E+01
175          0.43969849E+01          0.25418137E+01
176          0.44221106E+01          0.25535874E+01
177          0.44472362E+01          0.25654691E+01
178          0.44723618E+01          0.25774601E+01
179          0.44974874E+01          0.25895617E+01
180          0.45226131E+01          0.26017750E+01
181          0.45477387E+01          0.26141014E+01
182          0.45728643E+01          0.26265421E+01
183          0.45979899E+01          0.26390984E+01
184          0.46231156E+01          0.26517715E+01
185          0.46482412E+01          0.26645627E+01
186          0.46733668E+01          0.26774732E+01
187          0.46984925E+01          0.26905044E+01
188          0.47236181E+01          0.27036574E+01
189          0.47487437E+01          0.27169336E+01
190          0.47738693E+01          0.27303342E+01
191          0.47989950E+01          0.27438604E+01
192          0.48241206E+01          0.27575135E+01
193          0.48492462E+01          0.27712949E+01
194          0.48743719E+01          0.27852056E+01
195          0.48994975E+01          0.27992470E+01
196          0.49246231E+01          0.28134204E+01
197          0.49497487E+01          0.28277270E+01
198          0.49748744E+01          0.28421681E+01
199          0.50000000E+01          0.28567449E+01
