#   h         Deriv.Aprox               Deriv.Exacta             Error_relativo
     0.100000000E+00              0.110516723E+01              0.110517092E+01              0.368829122E-05
  0.333730390E-05
     0.100000000E-01              0.110517092E+01              0.110517092E+01              0.368400643E-09
  0.333342687E-09
     0.100000000E-02              0.110517092E+01              0.110517092E+01              0.250910404E-13
  0.227033122E-13
     0.100000000E-03              0.110517092E+01              0.110517092E+01              0.844657677E-12
  0.764277872E-12
     0.100000000E-04              0.110517092E+01              0.110517092E+01              0.158473235E-11
  0.143392512E-11
     0.100000000E-05              0.110517092E+01              0.110517092E+01              0.385922405E-10
  0.349197033E-10
     0.100000000E-06              0.110517092E+01              0.110517092E+01              0.385922405E-10
  0.349197033E-10
     0.100000000E-07              0.110517090E+01              0.110517092E+01              0.132840843E-07
  0.120199365E-07
     0.100000000E-08              0.110517095E+01              0.110517092E+01              0.366759521E-07
  0.331857738E-07
     0.100000000E-09              0.110516984E+01              0.110517092E+01              0.107354707E-05
  0.971385561E-06
     0.100000000E-10              0.110517336E+01              0.110517092E+01              0.244215917E-05
  0.220975700E-05
     0.100000000E-11              0.110522702E+01              0.110517092E+01              0.561029387E-04
  0.507640382E-04
     0.100000000E-12              0.110448687E+01              0.110517092E+01              0.684045744E-03
  0.618950185E-03
     0.100000000E-13              0.109727042E+01              0.110517092E+01              0.790049540E-02
  0.714866386E-02
     0.100000000E-14              0.107321559E+01              0.110517092E+01              0.319553276E-01
  0.289143761E-01
