#   h         Deriv.Aprox               Deriv.Exacta             Error_relativo
     0.100000000E+00             -0.149375874E+00             -0.998334166E-01              0.495424577E-01
  0.496251249E+00
     0.100000000E-01             -0.104806732E+00             -0.998334166E-01              0.497331549E-02
  0.498161403E-01
     0.100000000E-02             -0.100330902E+00             -0.998334166E-01              0.497485402E-03
  0.498315513E-02
     0.100000000E-03             -0.998831667E-01             -0.998334166E-01              0.497500419E-04
  0.498330555E-03
     0.100000000E-04             -0.998383917E-01             -0.998334166E-01              0.497502933E-05
  0.498333073E-04
     0.100000000E-05             -0.998339142E-01             -0.998334166E-01              0.497599788E-06
  0.498430090E-05
     0.100000000E-06             -0.998334670E-01             -0.998334166E-01              0.504019540E-07
  0.504860554E-06
     0.100000000E-07             -0.998334304E-01             -0.998334166E-01              0.137645942E-07
  0.137875620E-06
     0.100000000E-08             -0.998334748E-01             -0.998334166E-01              0.581735152E-07
  0.582705843E-06
     0.100000000E-09             -0.998334748E-01             -0.998334166E-01              0.581735152E-07
  0.582705843E-06
     0.100000000E-10             -0.998423566E-01             -0.998334166E-01              0.893995771E-05
  0.895487504E-04
     0.100000000E-11             -0.999200722E-01             -0.998334166E-01              0.866555694E-04
  0.868001641E-03
     0.100000000E-12             -0.999200722E-01             -0.998334166E-01              0.866555694E-04
  0.868001641E-03
     0.100000000E-13             -0.999200722E-01             -0.998334166E-01              0.866555694E-04
  0.868001641E-03
     0.100000000E-14             -0.111022302E+00             -0.998334166E-01              0.111888858E-01
  0.112075557E+00
