#   h         Deriv.Aprox               Deriv.Exacta             Error_relativo
     0.100000000E+00             -0.998330843E-01             -0.998334166E-01              0.332382122E-06
  0.332936739E-05
     0.100000000E-01             -0.998334166E-01             -0.998334166E-01              0.332751326E-10
  0.333306560E-09
     0.100000000E-02             -0.998334166E-01             -0.998334166E-01              0.398708844E-13
  0.399374135E-12
     0.100000000E-03             -0.998334166E-01             -0.998334166E-01              0.228442265E-12
  0.228823447E-11
     0.100000000E-04             -0.998334167E-01             -0.998334166E-01              0.615534013E-11
  0.616561101E-10
     0.100000000E-05             -0.998334166E-01             -0.998334166E-01              0.391787575E-10
  0.392441317E-09
     0.100000000E-06             -0.998334162E-01             -0.998334166E-01              0.483267953E-09
  0.484074341E-08
     0.100000000E-07             -0.998334165E-01             -0.998334166E-01              0.113193635E-09
  0.113382511E-08
     0.100000000E-08             -0.998334193E-01             -0.998334166E-01              0.266236394E-08
  0.266680640E-07
     0.100000000E-09             -0.998331973E-01             -0.998334166E-01              0.219382241E-06
  0.219748305E-05
     0.100000000E-10             -0.998386559E-01             -0.998334166E-01              0.523921430E-05
  0.524795652E-04
     0.100000000E-11             -0.998645611E-01             -0.998334166E-01              0.311444182E-04
  0.311963862E-03
     0.100000000E-12             -0.996425165E-01             -0.998334166E-01              0.190900187E-03
  0.191218725E-02
     0.100000000E-13             -0.102695630E+00             -0.998334166E-01              0.286221313E-02
  0.286698906E-01
     0.100000000E-14             -0.647630098E-01             -0.998334166E-01              0.350704069E-01
  0.351289258E+00
