#   h         Deriv.Aprox               Deriv.Exacta             Error_relativo
     0.100000000E+00              0.116231840E+01              0.110517092E+01              0.571474828E-01
  0.517091808E-01
     0.100000000E-01              0.111071524E+01              0.110517092E+01              0.554432025E-02
  0.501670842E-02
     0.100000000E-02              0.110572369E+01              0.110517092E+01              0.552769700E-03
  0.500166708E-03
     0.100000000E-03              0.110522618E+01              0.110517092E+01              0.552603882E-04
  0.500016670E-04
     0.100000000E-04              0.110517644E+01              0.110517092E+01              0.552586283E-05
  0.500000746E-05
     0.100000000E-05              0.110517147E+01              0.110517092E+01              0.552485569E-06
  0.499909616E-06
     0.100000000E-06              0.110517097E+01              0.110517092E+01              0.544395204E-07
  0.492589151E-07
     0.100000000E-07              0.110517091E+01              0.110517092E+01              0.773296893E-08
  0.699707964E-08
     0.100000000E-08              0.110517084E+01              0.110517092E+01              0.743463506E-07
  0.672713599E-07
     0.100000000E-09              0.110516929E+01              0.110517092E+01              0.162865858E-05
  0.147367123E-05
     0.100000000E-10              0.110516041E+01              0.110517092E+01              0.105104428E-04
  0.951024191E-05
     0.100000000E-11              0.110511600E+01              0.110517092E+01              0.549193638E-04
  0.496930953E-04
     0.100000000E-12              0.110356169E+01              0.110517092E+01              0.160923160E-02
  0.145609296E-02
     0.100000000E-13              0.108801856E+01              0.110517092E+01              0.171523539E-01
  0.155200917E-01
     0.100000000E-14              0.111022302E+01              0.110517092E+01              0.505210655E-02
  0.457133505E-02
