#   h         Deriv.Aprox               Deriv.Exacta             Error_relativo
     0.100000000E+00             -0.996671108E-01             -0.998334166E-01              0.166305853E-03
  0.166583353E-02
     0.100000000E-01             -0.998317528E-01             -0.998334166E-01              0.166388196E-05
  0.166665833E-04
     0.100000000E-02             -0.998334000E-01             -0.998334166E-01              0.166388633E-07
  0.166666272E-06
     0.100000000E-03             -0.998334165E-01             -0.998334166E-01              0.166484326E-09
  0.166762124E-08
     0.100000000E-04             -0.998334167E-01             -0.998334166E-01              0.337978256E-11
  0.338542211E-10
     0.100000000E-05             -0.998334166E-01             -0.998334166E-01              0.217131868E-11
  0.217494177E-10
     0.100000000E-06             -0.998334165E-01             -0.998334166E-01              0.113193621E-09
  0.113382498E-08
     0.100000000E-07             -0.998334193E-01             -0.998334166E-01              0.266236394E-08
  0.266680640E-07
     0.100000000E-08             -0.998334193E-01             -0.998334166E-01              0.266236394E-08
  0.266680640E-07
     0.100000000E-09             -0.998329197E-01             -0.998334166E-01              0.496937997E-06
  0.497767194E-05
     0.100000000E-10             -0.998368055E-01             -0.998334166E-01              0.338884259E-05
  0.339449726E-04
     0.100000000E-11             -0.998645611E-01             -0.998334166E-01              0.311444182E-04
  0.311963862E-03
     0.100000000E-12             -0.993649607E-01             -0.998334166E-01              0.468455943E-03
  0.469237615E-02
     0.100000000E-13             -0.999200722E-01             -0.998334166E-01              0.866555694E-04
  0.868001641E-03
     0.100000000E-14             -0.555111512E-01             -0.998334166E-01              0.443222654E-01
  0.443962221E+00
