#   h         Deriv.Aprox               Deriv.Exacta             Error_relativo
     0.100000000E+00              0.110701379E+01              0.110517092E+01              0.184287273E-02
  0.166750020E-02
     0.100000000E-01              0.110518934E+01              0.110517092E+01              0.184196074E-04
  0.166667500E-04
     0.100000000E-02              0.110517110E+01              0.110517092E+01              0.184195171E-06
  0.166666683E-06
     0.100000000E-03              0.110517092E+01              0.110517092E+01              0.184270466E-08
  0.166734812E-08
     0.100000000E-04              0.110517092E+01              0.110517092E+01              0.163877800E-10
  0.148282766E-10
     0.100000000E-05              0.110517092E+01              0.110517092E+01              0.385922405E-10
  0.349197033E-10
     0.100000000E-06              0.110517092E+01              0.110517092E+01              0.385922405E-10
  0.349197033E-10
     0.100000000E-07              0.110517091E+01              0.110517092E+01              0.773296893E-08
  0.699707964E-08
     0.100000000E-08              0.110517095E+01              0.110517092E+01              0.366759521E-07
  0.331857738E-07
     0.100000000E-09              0.110517040E+01              0.110517092E+01              0.518435560E-06
  0.469099894E-06
     0.100000000E-10              0.110517151E+01              0.110517092E+01              0.591787464E-06
  0.535471441E-06
     0.100000000E-11              0.110522702E+01              0.110517092E+01              0.561029387E-04
  0.507640382E-04
     0.100000000E-12              0.110467191E+01              0.110517092E+01              0.499008574E-03
  0.451521629E-03
     0.100000000E-13              0.109912079E+01              0.110517092E+01              0.605012370E-02
  0.547437830E-02
     0.100000000E-14              0.111022302E+01              0.110517092E+01              0.505210655E-02
  0.457133505E-02
